1243853 131324 0.0 0 T
1243853 312145 0.0 0 T
1243853 646180 0.0 0 T
1243853 712934 0.0 0 T
1243853 1052110 0.0 0 T
1243853 1130785 0.0 0 T
1243853 1298106 0.0 0 T
1243853 1349539 0.0 0 T
1243853 1350976 0.0 0 T
1243853 1560012 0.0 0 T
1243853 1654597 0.0 0 T
1243853 1709950 0.0 0 T
1243853 1946703 0.0 0 T
1243853 46823 0.0 0 F
1243853 155270 0.0 0 F
1243853 246118 0.0 0 F
1243853 551962 0.0 0 F
1243853 1267962 0.0 0 F
1243853 1337740 0.0 0 F
1243853 1677445 0.0 0 F
1694417 298556 0.0 0 T
1694417 702206 0.0 0 T
1694417 1802407 0.0 0 T
1694417 2106817 0.0 0 T
1694417 730693 0.0 4 F
1694417 1175277 0.0 0 F
973523 302220 0.0 0 T
973523 520753 0.0 0 T
973523 546953 0.0 0 T
973523 894130 0.0 0 T
973523 1408669 0.0 0 T
973523 1634944 0.0 0 T
973523 1879135 0.0 0 T
973523 2072182 0.0 0 T
973523 519376 0.0 0 F
973523 636029 0.0 0 F
973523 674899 0.0 0 F
973523 911802 0.0 0 F
973523 920303 0.0 0 F
973523 935605 0.0 0 F
973523 1107612 0.0 0 F
973523 1115045 0.0 0 F
973523 1240922 0.0 0 F
973523 1392590 0.0 0 F
973523 1467700 0.0 0 F
973523 1663323 0.0 0 F
973523 1685147 0.0 0 F
973523 1766912 0.0 0 F
973523 1796504 0.0 0 F
973523 1879135 0.0 0 T
973523 1963638 0.0 0 F
973523 2022715 0.0 0 F
973523 2072182 0.0 0 T
260821 785648 0.0 0 T
260821 2096887 0.0 0 T
260821 607310 0.0 0 F
260821 622230 0.0 0 F
260821 880274 0.0 0 F
260821 1461998 0.0 0 F
260821 1561689 0.0 6 F
260821 2022108 0.0 0 F
1491938 1159963 0.0 0 T
1491938 1566996 0.0 0 F
1972951 131372 0.0 0 T
1972951 241074 0.0 0 T
1972951 427183 0.0 0 T
1972951 460248 0.210481802148 4 T
1972951 487362 0.18432616766 4 T
1972951 821209 0.168716447452 4 T
1972951 940076 0.0 0 T
1972951 1061259 0.18432616766 4 T
1972951 1102408 0.223891694725 4 T
1972951 1226773 0.0 0 T
1972951 1298009 0.232199775533 3 T
1972951 1368094 0.0 0 T
1972951 1520554 0.0 0 T
1972951 1575749 0.0 0 T
1972951 1596902 0.215961538462 3 T
1972951 1655939 0.0 0 T
1972951 2184738 0.0 0 T
1972951 2219789 0.0 0 T
1972951 183657 0.145612591432 5 F
1739490 726531 0.357142857143 3 T
1739490 1470280 0.372822299652 4 T
1739490 1033973 0.399580792683 4 F
1739490 1481029 0.399580792683 4 F
1739490 1883833 0.0 0 F
6874 19582 0.0 0 T
6874 24145 0.0 0 T
6874 250457 0.149051902544 5 T
6874 285947 0.149051902544 5 T
6874 293645 0.0 0 T
6874 368698 0.0 0 T
6874 781884 0.0 0 T
6874 872278 0.0 0 T
6874 946217 0.135470500886 3 T
6874 1190111 0.150815324858 5 T
6874 1247122 0.0 0 T
6874 1474572 0.0 0 T
6874 1515907 0.0 0 T
6874 1593158 0.0 0 T
6874 1595968 0.0 0 T
6874 1599189 0.0 0 T
6874 1883116 0.0 0 T
6874 1917487 0.0 0 T
6874 2015333 0.0 0 T
6874 2211469 0.0 0 T
6874 2220694 0.0 0 T
6874 3905 0.0 0 F
6874 19330 0.123133892582 5 F
6874 24605 0.10242411702 4 F
6874 171132 0.0 0 F
6874 208117 0.0986262581307 4 F
6874 629107 0.115933755965 5 F
6874 752277 0.0 0 F
6874 783347 0.11600947576 4 F
6874 819536 0.109334970338 4 F
6874 877394 0.108535019424 4 F
6874 1097445 0.0 0 F
6874 1210330 0.102721248347 4 F
6874 1398626 0.0 0 F
6874 1414161 0.0 0 F
6874 1463883 0.0 0 F
6874 1516396 0.0 0 F
6874 1531051 0.0 0 F
6874 1543300 0.0848061999151 1 F
6874 1760721 0.0 0 F
6874 1819723 0.0 0 F
6874 1822706 0.107492137757 3 F
6874 2011069 0.111817934509 4 F
6874 2015333 0.0 0 T
6874 2057958 0.0 0 F
6874 2086533 0.0 0 F
6874 2121501 0.0 0 F
6874 2196653 0.132025459547 3 F
80603 253283 0.0 0 T
80603 676499 0.0 0 T
80603 737468 0.0 0 T
80603 752176 0.0 0 T
80603 1049444 0.113026819923 4 T
80603 1220571 0.083545820142 4 T
80603 1283721 0.0 0 T
80603 1476868 0.0 0 T
80603 1590276 0.14042022792 4 T
80603 1696204 0.0 0 T
80603 1773011 0.0 0 T
80603 1785854 0.0 0 T
80603 1818005 0.0 0 T
80603 2026419 0.139172561155 3 T
80603 2037686 0.111672355165 4 T
80603 1819486 0.0 0 F
1989340 34820 0.0 0 T
1989340 41659 0.0 0 T
1989340 58371 0.0 0 T
1989340 102830 0.0858260195315 1 T
1989340 110618 0.0 0 T
1989340 150143 0.0 0 T
1989340 169610 0.0 0 T
1989340 191145 0.138556311096 4 T
1989340 198104 0.0 0 T
1989340 229898 0.114477714728 2 T
1989340 237428 0.246807536435 10 T
1989340 299550 0.0 0 T
1989340 316188 0.244021315564 11 T
1989340 341172 0.104890038859 4 T
1989340 410354 0.250117708828 9 T
1989340 428896 0.0 0 T
1989340 437373 0.250622727351 10 T
1989340 446623 0.0 0 T
1989340 499571 0.0 0 T
1989340 509617 0.0 0 T
1989340 553909 0.0 0 T
1989340 577685 0.0 0 T
1989340 582565 0.249038502868 4 T
1989340 583050 0.0 0 T
1989340 636505 0.0 0 T
1989340 734525 0.0 0 T
1989340 771916 0.0 0 T
1989340 798711 0.0 0 T
1989340 800329 0.0 0 T
1989340 818188 0.0 0 T
1989340 840520 0.0 0 T
1989340 858078 0.0 0 T
1989340 880778 0.247772011249 13 T
1989340 890481 0.0 0 T
1989340 920989 0.101706976303 1 T
1989340 929673 0.0 0 T
1989340 973626 0.0 0 T
1989340 989786 0.25181812868 12 T
1989340 1001394 0.24389391484 10 T
1989340 1023179 0.241836043634 11 T
1989340 1025560 0.0 0 T
1989340 1035131 0.0 0 T
1989340 1124779 0.242436641373 8 T
1989340 1134656 0.243005087356 10 T
1989340 1157626 0.0 0 T
1989340 1168002 0.0 0 T
1989340 1180013 0.185196972406 4 T
1989340 1191446 0.0 0 T
1989340 1205608 0.130526058684 3 T
1989340 1275409 0.0 0 T
1989340 1325608 0.250619437127 8 T
1989340 1357281 0.0 0 T
1989340 1379581 0.0 0 T
1989340 1396398 0.0 0 T
1989340 1423816 0.0 0 T
1989340 1426782 0.24559016394 10 T
1989340 1429172 0.0 0 T
1989340 1452067 0.0 0 T
1989340 1455000 0.0 0 T
1989340 1465066 0.243005087356 10 T
1989340 1466315 0.0 0 T
1989340 1489918 0.0 0 T
1989340 1512940 0.201982771741 6 T
1989340 1522116 0.104921068151 1 T
1989340 1542677 0.0 0 T
1989340 1545001 0.0 0 T
1989340 1620623 0.243005087356 11 T
1989340 1660985 0.0 0 T
1989340 1716109 0.0 0 T
1989340 1774980 0.0 0 T
1989340 1798257 0.0 0 T
1989340 1798822 0.244116458254 12 T
1989340 1840798 0.0 0 T
1989340 1856358 0.0 0 T
1989340 1880191 0.0 0 T
1989340 1918529 0.246501052139 12 T
1989340 1951166 0.0 0 T
1989340 1964239 0.251287542245 8 T
1989340 1969314 0.0 0 T
1989340 1984019 0.0 0 T
1989340 2003920 0.178496368889 6 T
1989340 2003980 0.241182191228 10 T
1989340 2016910 0.0 0 T
1989340 2023085 0.0917859008906 1 T
1989340 2138426 0.181405187825 3 T
1989340 2245111 0.0 0 T
1989340 86050 0.0 0 F
1989340 144193 0.0 0 F
1989340 407642 0.0 0 F
1989340 650074 0.0 0 F
1989340 681306 0.0 0 F
1989340 748304 0.0 0 F
1989340 811045 0.0 0 F
1989340 1670961 0.0 0 F
1989340 1963872 0.0 0 F
572127 33587 0.0 0 T
572127 109641 0.0788389711042 2 T
572127 123649 0.0 0 T
572127 193588 0.076610118579 2 T
572127 238279 0.0 0 T
572127 242218 0.0907898684394 3 T
572127 257888 0.0 0 T
572127 883159 0.0 0 T
572127 1095979 0.0762000941578 6 T
572127 1815594 0.0 0 T
572127 2128718 0.0 0 T
572127 80223 0.0 0 F
572127 197221 0.0 0 F
572127 257549 0.0719697481037 4 F
572127 280435 0.0 0 F
572127 461253 0.0 0 F
572127 461842 0.0 0 F
572127 643733 0.0641242756301 4 F
572127 672842 0.0 0 F
572127 674011 0.0 0 F
572127 715159 0.0 0 F
572127 729431 0.0768121545468 5 F
572127 750258 0.0 0 F
572127 847296 0.0 0 F
572127 876832 0.0 0 F
572127 908834 0.0 0 F
572127 1052881 0.081231882842 4 F
572127 1053596 0.0724643583604 6 F
572127 1064023 0.0383359317631 6 F
572127 1179981 0.0 0 F
572127 1360991 0.0 0 F
572127 1421145 0.0 0 F
572127 1444412 0.0 0 F
572127 1480787 0.0 0 F
572127 1597303 0.0 0 F
572127 1678219 0.0 0 F
572127 1781373 0.0 0 F
572127 1841814 0.0 0 F
572127 1955927 0.0 0 F
572127 2059311 0.0 0 F
572127 2080443 0.0 0 F
572127 2137443 0.0 0 F
1202912 115216 0.0 0 T
1202912 734549 0.0 0 T
1202912 1325030 0.0 6 T
1202912 1344614 0.0 0 T
1202912 334138 0.0 0 F
1202912 404184 0.0 0 F
1202912 563809 0.0 0 F
1202912 1838166 0.0 0 F
1202912 1943457 0.0 0 F
645857 45684 0.0 0 T
645857 68552 0.1626926482 6 T
645857 267603 0.0 0 T
645857 338698 0.0 0 T
645857 364153 0.0 0 T
645857 533776 0.0 0 T
645857 798735 0.0 0 T
645857 816038 0.14951688752 3 T
645857 870795 0.17489024826 4 T
645857 999355 0.0 0 T
645857 1195723 0.167239988208 5 T
645857 1209583 0.0 0 T
645857 1600973 0.0 0 T
645857 1979921 0.0 0 T
645857 2043909 0.0 0 T
645857 366169 0.141567104739 5 F
645857 1048966 0.132425303455 4 F
645857 1936090 0.151600343106 4 F
645857 2188529 0.152256930571 4 F
1227490 6950 0.0 0 T
1227490 89322 0.0 0 T
1227490 112739 0.0 0 T
1227490 129051 0.0 0 T
1227490 147975 0.0 0 T
1227490 259353 0.0 0 T
1227490 308527 0.0 0 T
1227490 324852 0.0 0 T
1227490 342546 0.0 0 T
1227490 404379 0.0 0 T
1227490 419895 0.0 0 T
1227490 442694 0.0 0 T
1227490 450702 0.0 0 T
1227490 459408 0.0818984171414 3 T
1227490 464363 0.0 0 T
1227490 484329 0.0 0 T
1227490 498133 0.055159059293 1 T
1227490 508512 0.0877401365758 3 T
1227490 523045 0.0 0 T
1227490 539641 0.0 0 T
1227490 571507 0.0 0 T
1227490 671099 0.0 0 T
1227490 761212 0.0 0 T
1227490 812659 0.0 0 T
1227490 876136 0.0 0 T
1227490 938475 0.0 0 T
1227490 976090 0.0 0 T
1227490 1013046 0.0 0 T
1227490 1025862 0.0 0 T
1227490 1034970 0.0 0 T
1227490 1133471 0.0 0 T
1227490 1170507 0.0 0 T
1227490 1188571 0.0 0 T
1227490 1194116 0.0897350782556 5 T
1227490 1224150 0.0 0 T
1227490 1224447 0.0 0 T
1227490 1231189 0.0 0 T
1227490 1269166 0.0 0 T
1227490 1281760 0.0757081394073 5 T
1227490 1284271 0.0 0 T
1227490 1291963 0.0 0 T
1227490 1303286 0.0 0 T
1227490 1359449 0.0 0 T
1227490 1397799 0.0873859148903 3 T
1227490 1411773 0.0 0 T
1227490 1434223 0.0 0 T
1227490 1439569 0.0 0 T
1227490 1449456 0.0 0 T
1227490 1468771 0.0817960805853 5 T
1227490 1475205 0.0680213920133 2 T
1227490 1486588 0.0 0 T
1227490 1522616 0.0868353486653 4 T
1227490 1549720 0.0894530910367 4 T
1227490 1591071 0.0 0 T
1227490 1594325 0.0846040226416 3 T
1227490 1673325 0.0944694872492 4 T
1227490 1673776 0.0 0 T
1227490 1674423 0.0 0 T
1227490 1677157 0.0 0 T
1227490 1778705 0.0 0 T
1227490 1789568 0.085202266972 3 T
1227490 1861574 0.0 0 T
1227490 1875049 0.0902991437927 4 T
1227490 1891323 0.0 0 T
1227490 1907384 0.0 0 T
1227490 1934382 0.0 0 T
1227490 2049704 0.10256515326 3 T
1227490 2180645 0.0 0 T
1227490 2221103 0.0 0 T
1227490 23931 0.0 0 F
1227490 173915 0.0912852253106 5 F
1227490 697307 0.0791536931098 5 F
1227490 1469102 0.0 0 F
1227490 1861029 0.0 0 F
1252067 878862 0.039641943734 5 T
1252067 46787 0.0 0 F
1252067 464453 0.0487012987013 2 F
1252067 527991 0.0 0 F
1252067 579539 0.0 0 F
1252067 743231 0.0 0 F
1252067 760959 0.0 0 F
1252067 1004051 0.0 0 F
1252067 1255181 0.0 0 F
1252067 1284254 0.0 0 F
1252067 1507065 0.0 0 F
1252067 1634329 0.0 0 F
1252067 1857037 0.0 0 F
1252067 1925745 0.0 0 F
1252067 2014589 0.0502291825821 4 F
1502988 535385 0.0 0 T
1502988 774322 0.0 0 T
1502988 928610 0.0 0 T
1502988 1323973 0.0 0 T
1502988 1830471 0.0 6 T
1502988 2250569 0.0 0 T
1502988 2255227 0.0 0 T
1502988 1378006 0.0 0 F
1399528 246371 0.0 0 T
1399528 1646048 0.0 0 T
1399528 321667 0.0 0 F
1702633 5898 0.0 0 T
1702633 19938 0.0 0 T
1702633 60406 0.0 0 T
1702633 894398 0.0 0 T
1702633 1440150 0.0 0 T
1702633 1718668 0.0184426229508 1 T
1702633 1870915 0.0 0 T
1702633 193094 0.0 0 F
1702633 1627081 0.0184426229508 5 F
252651 2060 0.0 0 T
252651 7402 0.178371246061 2 T
252651 71707 0.0 0 T
252651 100244 0.180047971777 4 T
252651 245509 0.0 0 T
252651 317713 0.0 0 T
252651 328561 0.0 0 T
252651 340423 0.0 0 T
252651 340499 0.0 0 T
252651 344912 0.0 0 T
252651 348975 0.142363210101 3 T
252651 349630 0.152380970098 4 T
252651 502597 0.0 0 T
252651 502783 0.0405809604379 6 T
252651 545229 0.0 0 T
252651 546929 0.0 0 T
252651 642680 0.0 0 T
252651 687039 0.0 0 T
252651 701325 0.0 0 T
252651 731227 0.0 0 T
252651 812279 0.0 0 T
252651 918592 0.193243658491 3 T
252651 937095 0.0 0 T
252651 938055 0.139505830927 5 T
252651 939487 0.184877143931 4 T
252651 983471 0.137331080916 5 T
252651 988559 0.0 0 T
252651 1016535 0.0 0 T
252651 1037120 0.0 0 T
252651 1094244 0.0 0 T
252651 1106113 0.0 0 T
252651 1136861 0.0 0 T
252651 1137070 0.0 0 T
252651 1182710 0.0 0 T
252651 1211106 0.0 0 T
252651 1251558 0.206832671994 6 T
252651 1434949 0.0426714336648 6 T
252651 1435003 0.127812073955 2 T
252651 1435402 0.155736274868 4 T
252651 1477450 0.0 0 T
252651 1488303 0.0 0 T
252651 1551490 0.0 0 T
252651 1561302 0.200892074857 2 T
252651 1574527 0.199340725106 4 T
252651 1596354 0.143619546251 7 T
252651 1602599 0.212508634116 3 T
252651 1677892 0.0 0 T
252651 1736033 0.0 0 T
252651 1755514 0.184877143931 4 T
252651 1762151 0.156131577114 4 T
252651 1814812 0.0 0 T
252651 1822205 0.0 0 T
252651 1902503 0.0 0 T
252651 1907696 0.0 0 T
252651 1939491 0.0 0 T
252651 1942325 0.171614972498 4 T
252651 1948903 0.0 0 T
252651 1966503 0.0 0 T
252651 1973823 0.199340725106 4 T
252651 1973960 0.0 0 T
252651 1996816 0.0 0 T
252651 2017222 0.178371246061 2 T
252651 2071397 0.0 0 T
252651 2080643 0.157244698233 4 T
252651 2174510 0.178371246061 2 T
252651 2195026 0.0 0 T
252651 2201797 0.120111981105 3 T
252651 2211863 0.178371246061 2 T
252651 2220865 0.0 0 T
252651 2256329 0.0 0 T
252651 112337 0.121480616097 8 F
252651 1802211 0.124137995989 4 F
64241 20455 0.0 0 T
64241 55975 0.0 0 T
64241 77409 0.0 0 T
64241 138653 0.0 0 T
64241 167741 0.0 0 T
64241 225084 0.0 0 T
64241 287060 0.0 0 T
64241 305912 0.0 0 T
64241 328031 0.0 0 T
64241 380893 0.0 0 T
64241 390567 0.0 0 T
64241 565147 0.0 0 T
64241 620357 0.0 0 T
64241 639922 0.0 0 T
64241 1308866 0.0 4 T
64241 1404236 0.0 0 T
64241 1424206 0.0 0 T
64241 1487256 0.0 0 T
64241 1498384 0.0 0 T
64241 1518536 0.0 0 T
64241 1753304 0.0 0 T
64241 1801708 0.0 0 T
64241 1810256 0.0 0 T
64241 1851841 0.0 0 T
64241 1880795 0.0 0 T
64241 1891157 0.0 0 T
64241 1952324 0.0 0 T
64241 2003686 0.0 0 T
64241 2053685 0.0 0 T
64241 240257 0.0 0 F
64241 631670 0.0 0 F
64241 1504368 0.0 0 F
64241 1985019 0.0 0 F
64241 2205987 0.0 0 F
64241 2252745 0.0 0 F
1964786 618436 0.0 0 T
1964786 2111085 0.318181818182 6 T
1964786 835370 0.318181818182 3 F
2071124 588424 0.0 0 T
2071124 678129 0.0 0 T
2071124 802291 0.166666666667 5 T
2071124 853871 0.0 0 T
2071124 1067601 0.0 0 T
2071124 1550631 0.0 0 T
2071124 566556 0.166666666667 5 F
1825525 228730 0.0 0 T
1825525 640618 0.0 0 T
1825525 1599712 0.193001402993 6 T
1825525 1861809 0.0 0 T
1825525 2043732 0.0 0 T
1825525 2202747 0.0 0 T
1825525 226666 0.216709541382 4 F
1825525 273256 0.13579765503 2 F
1825525 329412 0.190360432766 6 F
1825525 731240 0.0 0 F
1825525 925257 0.166246909321 1 F
1825525 932456 0.21422360139 3 F
1825525 1107385 0.153155304652 7 F
1825525 1353415 0.0 0 F
1825525 1371017 0.0 0 F
1825525 1536141 0.211470229117 4 F
1825525 1616064 0.217350314742 3 F
1825525 1647363 0.164477545433 1 F
1759990 548832 0.0 0 T
1759990 831442 0.126666666667 4 T
1759990 1100145 0.124 3 T
1759990 1299333 0.130666666667 4 T
1759990 1067652 0.0 0 F
1759990 1692337 0.0 0 F
1596152 118 0.0 0 T
1596152 97012 0.214629331014 7 T
1596152 301482 0.0 0 T
1596152 495787 0.169622137691 3 T
1596152 606024 0.0 0 T
1596152 675237 0.206095121833 6 T
1596152 678702 0.0 0 T
1596152 729013 0.182023628259 5 T
1596152 914232 0.0 0 T
1596152 1229492 0.0 0 T
1596152 1422668 0.0 0 T
1596152 1694460 0.167595406342 5 T
1596152 1700614 0.184305992515 6 T
1596152 1863974 0.0 0 T
1596152 1867290 0.163431642073 5 T
1596152 2201344 0.157031851841 5 T
1596152 32779 0.0 0 F
1596152 33397 0.1309085162 3 F
1596152 92422 0.234797687171 4 F
1596152 180434 0.0 0 F
1596152 269254 0.0 0 F
1596152 326836 0.110353611137 4 F
1596152 374838 0.268608131906 3 F
1596152 401435 0.227078709912 5 F
1596152 447225 0.237453376722 5 F
1596152 514658 0.0 0 F
1596152 581341 0.0 0 F
1596152 610441 0.0 0 F
1596152 611663 0.0 0 F
1596152 620982 0.0468141165244 4 F
1596152 640729 0.25333499663 6 F
1596152 649485 0.273298674791 5 F
1596152 687919 0.282975565065 6 F
1596152 703233 0.0 0 F
1596152 826556 0.0 0 F
1596152 846745 0.0 0 F
1596152 894207 0.0 0 F
1596152 913304 0.0 0 F
1596152 942613 0.276989566756 5 F
1596152 984098 0.167671215843 6 F
1596152 1044451 0.0 0 F
1596152 1057474 0.0 0 F
1596152 1078087 0.191905670048 7 F
1596152 1093994 0.26711079514 3 F
1596152 1142311 0.0 0 F
1596152 1180249 0.0 0 F
1596152 1181577 0.0 0 F
1596152 1187959 0.108395500461 6 F
1596152 1216950 0.0 0 F
1596152 1261341 0.0 0 F
1596152 1404344 0.288915597755 5 F
1596152 1409271 0.0 0 F
1596152 1432178 0.0 0 F
1596152 1488819 0.176373170776 3 F
1596152 1574368 0.296439153715 4 F
1596152 1596612 0.0 0 F
1596152 1683511 0.0 0 F
1596152 1707388 0.278451631287 5 F
1596152 1716770 0.0 0 F
1596152 1781450 0.125129515154 4 F
1596152 1800481 0.268362360124 3 F
1596152 1990680 0.0 0 F
1596152 2012857 0.0 0 F
1596152 2120020 0.230932180981 5 F
1596152 2120329 0.194394719896 7 F
1596152 2153733 0.0 0 F
1596152 2166440 0.295192186828 6 F
1596152 2225159 0.0445730794346 3 F
523001 90216 0.0 0 T
523001 213114 0.0 0 T
523001 215208 0.0701385994647 5 T
523001 220574 0.0367974434085 1 T
523001 301440 0.0 0 T
523001 320909 0.0 0 T
523001 437062 0.0 0 T
523001 479130 0.0 0 T
523001 496362 0.0 0 T
523001 536637 0.0 0 T
523001 589499 0.0580704515516 4 T
523001 593509 0.0 0 T
523001 623991 0.0 0 T
523001 763362 0.048649691358 5 T
523001 1018737 0.0357769358777 3 T
523001 1026160 0.0 0 T
523001 1318794 0.0702085822382 5 T
523001 1364735 0.0 0 T
523001 1507168 0.0 0 T
523001 1520858 0.0 0 T
523001 1532345 0.0 0 T
523001 1539632 0.0 0 T
523001 1542199 0.0 0 T
523001 1544221 0.0 0 T
523001 1592600 0.0 0 T
523001 1656338 0.0 0 T
523001 1720778 0.0 0 T
523001 1809135 0.0 0 T
523001 1867453 0.0 0 T
523001 2066509 0.0 0 T
523001 2196814 0.0 0 T
523001 2217604 0.0 0 T
523001 77301 0.0 0 F
523001 406411 0.0 0 F
523001 511553 0.0 0 F
523001 586318 0.0 0 F
523001 735767 0.0 0 F
2034369 1792553 0.0 0 T
2034369 890575 0.0 0 F
2034369 1627028 0.0 0 F
1555363 75393 0.0 0 T
1555363 139617 0.0 0 T
1555363 140193 0.0 0 T
1555363 202610 0.0 0 T
1555363 231588 0.0 0 T
1555363 253689 0.0 0 T
1555363 375799 0.0 0 T
1555363 587978 0.0 0 T
1555363 717452 0.0 0 T
1555363 809835 0.153775517412 5 T
1555363 832016 0.150651974288 4 T
1555363 832337 0.0 0 T
1555363 833785 0.0 0 T
1555363 871620 0.152557319224 3 T
1555363 888188 0.0 0 T
1555363 1054315 0.0 0 T
1555363 1064402 0.0 0 T
1555363 1093592 0.0 0 T
1555363 1097423 0.0 0 T
1555363 1440134 0.0 0 T
1555363 1494765 0.149242424242 3 T
1555363 1651305 0.0 0 T
1555363 1668243 0.0 0 T
1555363 1775454 0.0683775820139 7 T
1555363 1792687 0.0 0 T
1555363 1808518 0.0 0 T
1555363 1842790 0.067557319224 1 T
1555363 1920413 0.0738554374918 5 T
1555363 2154557 0.150738150738 5 T
1555363 2189664 0.0 0 T
1555363 2249479 0.0 0 T
1555363 877706 0.0 0 F
1555363 904226 0.0 0 F
1555363 1044713 0.0 0 F
801534 1713737 0.0 0 T
801534 7881 0.0 0 F
801534 85608 0.0 0 F
801534 275787 0.0 0 F
801534 876796 0.0 0 F
801534 1011036 0.0 0 F
801534 1249760 0.0 0 F
801534 1445568 0.0 0 F
801534 1464027 0.0 0 F
801534 1900443 0.0 0 F
801534 1976458 0.0 0 F
580351 49547 0.0 0 T
580351 93306 0.0 0 T
580351 146463 0.183260869565 5 T
580351 277509 0.0 0 T
580351 374823 0.0 0 T
580351 434006 0.0 0 T
580351 529328 0.0 0 T
580351 588403 0.0 0 T
580351 600461 0.0 0 T
580351 702926 0.0 0 T
580351 855170 0.0 0 T
580351 999823 0.12718426501 3 T
580351 1006836 0.148221545928 3 T
580351 1032258 0.154734428943 5 T
580351 1094112 0.0 0 T
580351 1322808 0.0 0 T
580351 1388864 0.143347287633 7 T
580351 1490941 0.0 0 T
580351 1509693 0.0 0 T
580351 1510083 0.0 0 T
580351 1705796 0.106567747872 3 T
580351 1836383 0.0 0 T
580351 1850140 0.0 0 T
580351 2008144 0.0 0 T
580351 2052793 0.0919788732008 4 T
580351 2136540 0.0 0 T
580351 2169950 0.0 0 T
580351 2210025 0.151759834369 6 T
580351 1587208 0.0 0 F
2112256 54786 0.14062066114 6 T
2112256 329332 0.0 0 T
2112256 550204 0.180388059715 6 T
2112256 569183 0.0 0 T
2112256 601442 0.0 0 T
2112256 649858 0.142918138755 6 T
2112256 686195 0.0 0 T
2112256 707037 0.159410405391 6 T
2112256 738630 0.0 0 T
2112256 820279 0.0 0 T
2112256 839881 0.0 0 T
2112256 925091 0.185939343308 4 T
2112256 928225 0.0 0 T
2112256 934774 0.0 0 T
2112256 968350 0.0 0 T
2112256 990115 0.0 0 T
2112256 1020971 0.0 0 T
2112256 1034597 0.142918138755 7 T
2112256 1065440 0.0 0 T
2112256 1097047 0.0 0 T
2112256 1121334 0.163923083853 2 T
2112256 1330890 0.0 0 T
2112256 1375248 0.0 0 T
2112256 1388112 0.15763767708 4 T
2112256 1491014 0.0 0 T
2112256 1574357 0.12501953728 2 T
2112256 1633177 0.0 0 T
2112256 1643966 0.149111617665 7 T
2112256 1657055 0.0 0 T
2112256 1658844 0.166605787636 9 T
2112256 1721115 0.0 0 T
2112256 1726636 0.0 0 T
2112256 1727950 0.0 0 T
2112256 1730084 0.0 0 T
2112256 1770318 0.141934548541 4 T
2112256 1908723 0.163384784366 3 T
2112256 2042164 0.0 0 T
2112256 839881 0.0 0 T
2112256 1220709 0.0 0 F
2112257 582313 0.0 0 T
2112257 2167301 0.0 0 T
2112257 582313 0.0 0 T
2112257 582313 0.0 0 T
1825539 36210 0.0596540439458 7 T
1825539 43661 0.0 0 T
1825539 53933 0.0 0 T
1825539 99217 0.0 0 T
1825539 331793 0.0 0 T
1825539 347310 0.0 0 T
1825539 502737 0.0 0 T
1825539 514168 0.0 0 T
1825539 643252 0.0797101449275 5 T
1825539 772321 0.0 0 T
1825539 839882 0.0 0 T
1825539 1054638 0.0 0 T
1825539 1103700 0.0 0 T
1825539 1130109 0.0 0 T
1825539 1200174 0.113978494624 7 T
1825539 1260496 0.0 0 T
1825539 1306692 0.0 0 T
1825539 1337523 0.0 0 T
1825539 1417437 0.113978494624 7 T
1825539 1431128 0.0 0 T
1825539 1513630 0.0 0 T
1825539 1580454 0.0 0 T
1825539 2031205 0.0 0 T
1825539 2043901 0.0 0 T
1825539 2078057 0.0 0 T
1825539 2090533 0.0 0 T
1825539 2131012 0.0 0 T
1825539 2178694 0.0 0 T
1825539 2241280 0.0 0 T
1825539 2258510 0.0 0 T
1825539 643252 0.0797101449275 5 T
1825539 1431128 0.0 0 T
539396 1151819 0.0 0 T
539396 1357893 0.0 0 F
539396 1640958 0.0 0 F
539396 1830528 0.0 0 F
1055498 473866 0.0 0 T
1055498 2022437 0.0 0 T
1055498 1299444 0.0 0 F
1055498 1558387 0.0 0 F
1055498 2174208 0.0 0 F
719629 54053 0.0 0 T
719629 122531 0.0 0 T
719629 275174 0.0 0 T
719629 589143 0.0 0 T
719629 593287 0.0 0 T
719629 807752 0.0 0 T
719629 1200980 0.0 0 T
719629 1428621 0.0375 8 T
719629 1508374 0.0 0 T
719629 1523975 0.0 0 T
719629 1763144 0.0 0 T
719629 2020923 0.0418269230769 2 T
719629 2068845 0.0 0 T
719629 2078784 0.0 0 T
719629 2080178 0.0 0 T
719629 2216052 0.0 0 T
719629 1020750 0.0458333333333 6 F
1870973 6533 0.0 0 T
1870973 32838 0.0907880658537 7 T
1870973 34921 0.0947727705574 3 T
1870973 45363 0.0 0 T
1870973 49393 0.0 0 T
1870973 55694 0.0 0 T
1870973 120392 0.0 0 T
1870973 197782 0.0 0 T
1870973 232011 0.161595082733 4 T
1870973 271673 0.0 0 T
1870973 337200 0.0 0 T
1870973 446913 0.0 0 T
1870973 476605 0.0 0 T
1870973 632071 0.0 0 T
1870973 707246 0.0 0 T
1870973 726793 0.0 0 T
1870973 766217 0.0 0 T
1870973 848683 0.0 0 T
1870973 850415 0.0 0 T
1870973 866213 0.0 0 T
1870973 917563 0.127957783564 7 T
1870973 931560 0.0 0 T
1870973 1058832 0.166072509149 4 T
1870973 1105890 0.0 0 T
1870973 1112987 0.0 0 T
1870973 1126331 0.114021242609 1 T
1870973 1186730 0.0965302187282 3 T
1870973 1284760 0.0 0 T
1870973 1326968 0.0 0 T
1870973 1353696 0.131404321091 5 T
1870973 1385226 0.0 0 T
1870973 1487267 0.0 0 T
1870973 1548360 0.0 0 T
1870973 1607449 0.110065944163 5 T
1870973 1736618 0.137152489039 4 T
1870973 1759446 0.0 0 T
1870973 1917896 0.144438166929 4 T
1870973 2014072 0.166474334234 4 T
1870973 2056179 0.0 0 T
1870973 2070569 0.0 0 T
1870973 2095660 0.0 0 T
1870973 126591 0.0 0 F
1870973 829284 0.0 0 F
1870973 1705044 0.0 0 F
1981200 157586 0.0 0 T
1981200 207686 0.0 0 T
1981200 227303 0.0 0 T
1981200 416271 0.0 0 T
1981200 555713 0.0 0 T
1981200 679781 0.0 0 T
1981200 851143 0.0 0 T
1981200 972165 0.0 0 T
1981200 1021749 0.120609718618 5 T
1981200 1064067 0.0 0 T
1981200 1148828 0.0 0 T
1981200 1386627 0.0 0 T
1981200 1537626 0.10861821247 6 T
1981200 1646977 0.0 0 T
1981200 1696124 0.0 0 T
1981200 1798923 0.0 0 T
1981200 1944805 0.0 0 T
1981200 2026678 0.0 0 T
1981200 2032764 0.0 0 T
1981200 2109620 0.0 0 T
1981200 2178552 0.0 0 T
1981200 2226072 0.129694685734 4 T
1981200 112112 0.195282173428 5 F
1981200 179643 0.120174325141 3 F
1981200 303057 0.0 0 F
1981200 318765 0.151242883909 5 F
1981200 354756 0.139364793363 4 F
1981200 387109 0.0 0 F
1981200 444571 0.0 0 F
1981200 535012 0.111580889222 3 F
1981200 542420 0.0 0 F
1981200 567303 0.10831490973 3 F
1981200 629971 0.11299737984 3 F
1981200 679246 0.143028918032 5 F
1981200 701031 0.0 0 F
1981200 806282 0.0 0 F
1981200 809783 0.0 0 F
1981200 810606 0.149091270897 2 F
1981200 834679 0.0 0 F
1981200 840848 0.0 0 F
1981200 842232 0.0 0 F
1981200 864697 0.0 0 F
1981200 908394 0.0 0 F
1981200 938003 0.149017155849 4 F
1981200 946708 0.0 0 F
1981200 990637 0.115278367732 3 F
1981200 1003874 0.149883189617 3 F
1981200 1127947 0.0 0 F
1981200 1202623 0.0 0 F
1981200 1209249 0.125793642459 4 F
1981200 1242629 0.0 0 F
1981200 1331219 0.0 0 F
1981200 1363580 0.0 0 F
1981200 1415461 0.0 0 F
1981200 1545815 0.0 0 F
1981200 1598046 0.15815899444 5 F
1981200 1637292 0.159740301017 5 F
1981200 1672449 0.0 0 F
1981200 1686886 0.0 0 F
1981200 1708141 0.185248352504 7 F
1981200 1847777 0.0 0 F
1981200 1897104 0.146987286488 5 F
1981200 1924517 0.14488955991 4 F
1981200 2049452 0.0 0 F
1981200 2075696 0.0 0 F
1981200 2128747 0.0990303749191 1 F
1981200 2237461 0.142961896047 3 F
1981200 2248956 0.0 0 F
1497874 104659 0.0 0 T
1497874 779265 0.0 0 T
1497874 1500790 0.0 4 T
1497874 2126633 0.0 0 T
1497874 1203779 0.0 0 F
1881219 15821 0.0 0 T
1881219 49725 0.0 0 T
1881219 64679 0.0 0 T
1881219 75875 0.0597553171086 3 T
1881219 96829 0.0 0 T
1881219 98121 0.0 0 T
1881219 112182 0.0 0 T
1881219 114177 0.0 0 T
1881219 135358 0.0 0 T
1881219 209988 0.0 0 T
1881219 258784 0.0 0 T
1881219 285445 0.0 0 T
1881219 332703 0.0 0 T
1881219 335815 0.0 0 T
1881219 370071 0.0 0 T
1881219 375643 0.0 0 T
1881219 430017 0.0 0 T
1881219 468734 0.0 0 T
1881219 497312 0.0 0 T
1881219 502466 0.0 0 T
1881219 511240 0.0 0 T
1881219 525784 0.0 0 T
1881219 538074 0.0 0 T
1881219 600959 0.0 0 T
1881219 662813 0.0 0 T
1881219 697448 0.0 0 T
1881219 702570 0.0 0 T
1881219 705624 0.0 0 T
1881219 708608 0.0 0 T
1881219 708961 0.0 0 T
1881219 740658 0.0 0 T
1881219 753709 0.0 0 T
1881219 773599 0.0 0 T
1881219 820007 0.0 0 T
1881219 843305 0.0 0 T
1881219 867556 0.0 0 T
1881219 882320 0.0 0 T
1881219 913414 0.0 0 T
1881219 913440 0.0 0 T
1881219 926230 0.0 0 T
1881219 940119 0.0 0 T
1881219 972952 0.0 0 T
1881219 1006385 0.0 0 T
1881219 1013411 0.0 0 T
1881219 1016518 0.0 0 T
1881219 1034227 0.0 0 T
1881219 1052679 0.0 0 T
1881219 1076469 0.0 0 T
1881219 1136034 0.0 0 T
1881219 1148460 0.0 0 T
1881219 1161870 0.0 0 T
1881219 1167049 0.0547750547065 5 T
1881219 1167530 0.0 0 T
1881219 1182703 0.0 0 T
1881219 1202772 0.0 0 T
1881219 1213764 0.0 0 T
1881219 1257477 0.0696724826238 3 T
1881219 1304330 0.0 0 T
1881219 1316382 0.0 0 T
1881219 1319008 0.0680900054275 5 T
1881219 1338465 0.0 0 T
1881219 1357105 0.0677726009719 5 T
1881219 1373653 0.0 0 T
1881219 1423826 0.0 0 T
1881219 1431618 0.0 0 T
1881219 1434216 0.0 0 T
1881219 1489020 0.0 0 T
1881219 1583063 0.0 0 T
1881219 1585602 0.0 0 T
1881219 1593808 0.0 0 T
1881219 1608632 0.0 0 T
1881219 1621387 0.0 0 T
1881219 1663611 0.0 0 T
1881219 1676254 0.0615232336743 3 T
1881219 1695980 0.0 0 T
1881219 1706258 0.0 0 T
1881219 1761083 0.0663562692208 2 T
1881219 1829086 0.0306197797999 1 T
1881219 1844987 0.0 0 T
1881219 1845115 0.0 0 T
1881219 1896833 0.0 0 T
1881219 1920961 0.0 0 T
1881219 1936179 0.0 0 T
1881219 1938411 0.0 0 T
1881219 2014428 0.0 0 T
1881219 2028454 0.0 0 T
1881219 2042313 0.0 0 T
1881219 2077534 0.0 0 T
1881219 2081731 0.0 0 T
1881219 2114135 0.0 0 T
1881219 2153136 0.0 0 T
1881219 2165300 0.0591944263629 4 T
1881219 2175961 0.0 0 T
1881219 2230146 0.0 0 T
1881219 22808 0.0 0 F
1881219 132782 0.109760391177 6 F
1881219 267958 0.100206594088 6 F
1881219 290302 0.0 0 F
1881219 351104 0.076153587306 4 F
1881219 377091 0.0 0 F
1881219 387939 0.0 0 F
1881219 448141 0.109537522057 7 F
1881219 528930 0.0 0 F
1881219 594493 0.0 0 F
1881219 606002 0.0 0 F
1881219 638551 0.0 0 F
1881219 697286 0.0 0 F
1881219 715823 0.0 0 F
1881219 747884 0.0 0 F
1881219 774276 0.0 0 F
1881219 788893 0.0 0 F
1881219 863671 0.0 0 F
1881219 906030 0.0 0 F
1881219 995923 0.0 0 F
1881219 1054490 0.105544609797 5 F
1881219 1077162 0.101160666668 6 F
1881219 1115079 0.0 0 F
1881219 1119583 0.0916472189285 4 F
1881219 1155757 0.107779346119 4 F
1881219 1180041 0.0701296101268 7 F
1881219 1327800 0.0 0 F
1881219 1332123 0.0 0 F
1881219 1428849 0.0 0 F
1881219 1482622 0.116236833816 5 F
1881219 1496307 0.0 0 F
1881219 1612986 0.0 0 F
1881219 1673875 0.0 0 F
1881219 1774272 0.101931275227 5 F
1881219 1792141 0.0 0 F
1881219 1803577 0.0 0 F
1881219 1832600 0.0 0 F
1881219 1836296 0.0 0 F
1881219 1837039 0.0 0 F
1881219 1896537 0.10368225399 5 F
1881219 1904126 0.0 0 F
1881219 1905739 0.0 0 F
1881219 1932764 0.0853831584455 4 F
1881219 1943518 0.0 0 F
1881219 1985021 0.0 0 F
1881219 2010208 0.0987884844702 5 F
1881219 2013887 0.0 0 F
1881219 2034555 0.0 0 F
1881219 2132190 0.0 0 F
1881219 2206619 0.0 0 F
1881219 2244952 0.107426800695 4 F
760596 97213 0.0795887799564 5 T
760596 106469 0.0 0 T
760596 142300 0.116468253968 8 T
760596 182098 0.0 0 T
760596 473974 0.0892242095443 4 T
760596 596023 0.0 0 T
760596 636072 0.0 0 T
760596 941356 0.133212560386 6 T
760596 1025443 0.0 0 T
760596 1034553 0.113634100347 7 T
760596 1099528 0.0 0 T
760596 1177142 0.0925877040649 5 T
760596 1204117 0.0 0 T
760596 1411989 0.0 0 T
760596 1467395 0.0 0 T
760596 1642853 0.0 0 T
760596 1772933 0.0 0 T
760596 1779300 0.0 0 T
760596 2121287 0.0 0 T
760596 72970 0.0 0 F
760596 850578 0.0 0 F
760596 865063 0.0 0 F
760596 921351 0.0 0 F
760596 936705 0.0 0 F
760596 1012622 0.0 0 F
760596 1091926 0.0 0 F
760596 1252535 0.0 0 F
760596 1278690 0.0 0 F
760596 1491124 0.0 0 F
760596 1642557 0.0 0 F
760596 1690268 0.0616962847941 4 F
760596 1803580 0.0 0 F
760596 1840960 0.0 0 F
760596 1944359 0.0 0 F
760596 2109652 0.0 0 F
760596 2155642 0.0 0 F
760596 2215335 0.0 0 F
973590 671066 0.0 0 T
973590 2220076 0.0 0 F
989975 167632 0.0 0 T
989975 528510 0.0 0 T
989975 1114411 0.0 0 T
989975 1121344 0.0 0 T
989975 1136037 0.0 0 T
989975 1236261 0.108333333333 6 T
989975 1905855 0.0 0 T
989975 2090698 0.108333333333 4 T
989975 829713 0.0 0 F
31513 70834 0.0 0 T
31513 145877 0.172627372627 6 T
31513 1187322 0.173829201102 5 T
31513 1779092 0.091734421878 5 T
31513 1844683 0.0 0 T
31513 81649 0.0 0 F
31513 781823 0.0 0 F
31513 898331 0.176461815696 4 F
31513 1435533 0.0 0 F
31513 1712602 0.192307692308 4 F
31513 1786845 0.0 0 F
31513 2020802 0.0 0 F
588570 258379 0.0 0 T
588570 274190 0.0918128654971 5 T
588570 463190 0.0 0 T
588570 721156 0.0 0 T
588570 769814 0.0846386800334 6 T
588570 814440 0.0 0 T
588570 914997 0.109834682861 5 T
588570 985762 0.0 0 T
588570 1270253 0.0 0 T
588570 1285175 0.0 0 T
588570 1360909 0.0800216634704 7 T
588570 1449479 0.0 0 T
588570 1820993 0.0 0 T
588570 1824828 0.0 0 T
588570 1863998 0.0 0 T
588570 1993704 0.0 0 T
588570 2183427 0.0 0 T
588570 2196432 0.12178472497 6 T
588570 2235783 0.0 0 T
588570 936584 0.0 0 F
932635 187416 0.0 0 T
932635 201591 0.024378229004 3 T
932635 283007 0.0 0 T
932635 291819 0.0 0 T
932635 386094 0.0 0 T
932635 477253 0.0 0 T
932635 550935 0.0234916559692 7 T
932635 554131 0.0 0 T
932635 562670 0.0 0 T
932635 571233 0.0 0 T
932635 593542 0.0 0 T
932635 595219 0.0 0 T
932635 668566 0.0 0 T
932635 683299 0.0 0 T
932635 775786 0.0 0 T
932635 856223 0.0 0 T
932635 863970 0.0 0 T
932635 900505 0.0 0 T
932635 1001150 0.0 0 T
932635 1057641 0.0 0 T
932635 1092738 0.0 0 T
932635 1156646 0.0 0 T
932635 1200906 0.0 0 T
932635 1290414 0.0 0 T
932635 1307217 0.0233137089992 4 T
932635 1363921 0.0 0 T
932635 1371968 0.0 0 T
932635 1451095 0.0 0 T
932635 1455125 0.0 0 T
932635 1470613 0.0 0 T
932635 1478813 0.0 0 T
932635 1530087 0.0 0 T
932635 1617816 0.0 0 T
932635 1813394 0.0 0 T
932635 1876891 0.0 0 T
932635 1880081 0.0 0 T
932635 1945064 0.0 0 T
932635 2009117 0.0 0 T
932635 2025216 0.0 0 T
932635 2025988 0.0 0 T
932635 2175738 0.0239852680482 6 T
932635 1995352 0.0 0 F
1080092 1079239 0.0501443001443 5 T
1080092 1951597 0.0 0 T
1080092 15483 0.0 0 F
1080092 156301 0.0 0 F
1080092 667092 0.0 0 F
1080092 829597 0.0 0 F
1080092 965032 0.0 0 F
1080092 1250489 0.0625 1 F
1080092 1686662 0.0602549046698 1 F
2210589 17295 0.0 0 T
2210589 386145 0.0 0 T
2210589 771776 0.0533081086337 1 T
2210589 968924 0.0 0 T
2210589 985059 0.0 0 T
2210589 1147802 0.0 0 T
2210589 1237864 0.0 0 T
2210589 1264822 0.0 0 T
2210589 1282211 0.0459523809524 1 T
2210589 1453648 0.0 0 T
2210589 1684525 0.0497184052084 4 T
2210589 2063425 0.0631349880077 5 T
2210589 2087655 0.0 0 T
2210589 2100787 0.0 0 T
2210589 1602915 0.0 0 F
1391393 2922 0.0 0 T
1391393 15491 0.184637688554 5 T
1391393 18685 0.0652350456558 1 T
1391393 38711 0.0423619553798 1 T
1391393 73277 0.0 0 T
1391393 95927 0.0 0 T
1391393 117446 0.0 0 T
1391393 141296 0.0 0 T
1391393 153223 0.0 0 T
1391393 156738 0.0 0 T
1391393 219936 0.0 0 T
1391393 253910 0.0 0 T
1391393 285374 0.214198844634 4 T
1391393 303305 0.0 0 T
1391393 334911 0.207035499223 6 T
1391393 347911 0.0 0 T
1391393 373071 0.0 0 T
1391393 403664 0.177602858871 4 T
1391393 419153 0.178284281482 5 T
1391393 481008 0.0 0 T
1391393 587985 0.0 0 T
1391393 605652 0.215113423902 7 T
1391393 647887 0.0 0 T
1391393 652467 0.0636358286772 1 T
1391393 680971 0.0 0 T
1391393 693912 0.0 0 T
1391393 702716 0.0 0 T
1391393 784255 0.0 0 T
1391393 801625 0.0 0 T
1391393 810398 0.0 0 T
1391393 914698 0.0 0 T
1391393 930142 0.0 0 T
1391393 949800 0.206202044483 4 T
1391393 1000401 0.0 0 T
1391393 1047957 0.0 0 T
1391393 1077232 0.0 0 T
1391393 1137924 0.0 0 T
1391393 1160599 0.0 0 T
1391393 1168879 0.0 0 T
1391393 1204115 0.188249477064 5 T
1391393 1277575 0.0 0 T
1391393 1279603 0.135813571846 4 T
1391393 1336780 0.200736983176 6 T
1391393 1347377 0.0 0 T
1391393 1405884 0.0 0 T
1391393 1501808 0.0 0 T
1391393 1569113 0.0 0 T
1391393 1621391 0.0 0 T
1391393 1638862 0.0 0 T
1391393 1675892 0.0 0 T
1391393 1677312 0.156082945952 5 T
1391393 1689786 0.0 0 T
1391393 1704178 0.0 0 T
1391393 1705476 0.0 0 T
1391393 1790432 0.0 0 T
1391393 1797412 0.179964624496 6 T
1391393 1858321 0.0 0 T
1391393 1991092 0.0 0 T
1391393 2117813 0.207619353573 5 T
1391393 2150628 0.0 0 T
1391393 2161876 0.0 0 T
1391393 2179192 0.168896039134 3 T
1391393 2233830 0.0 0 T
1391393 601814 0.0806615476537 3 F
1391393 901001 0.0 0 F
752418 184494 0.0 0 T
752418 258588 0.0 0 T
752418 429642 0.155890698788 3 T
752418 589568 0.231489953988 4 T
752418 965155 0.0 0 T
752418 1149400 0.235696237481 5 T
752418 1758274 0.233961171198 4 T
752418 1907706 0.0 0 T
752418 2220801 0.239180882506 5 T
752418 757 0.254907479568 3 F
752418 40505 0.300932843607 5 F
752418 42834 0.0 0 F
752418 71761 0.0 0 F
752418 129509 0.204540922917 5 F
752418 140745 0.261840763854 3 F
752418 178780 0.200768433018 5 F
752418 203454 0.266725549202 3 F
752418 543010 0.0 0 F
752418 568488 0.0 0 F
752418 676460 0.212275108473 5 F
752418 803672 0.27553865488 3 F
752418 849301 0.19349705548 3 F
752418 998803 0.201928215925 3 F
752418 1032780 0.0 0 F
752418 1191411 0.249013202175 2 F
752418 1242509 0.0 0 F
752418 1303112 0.0 0 F
752418 1554441 0.271120529764 4 F
752418 1569742 0.195874744635 4 F
752418 1847341 0.0 0 F
752418 1893045 0.240567157153 2 F
752418 2036270 0.203605822705 3 F
752418 2185389 0.0 0 F
752418 2231607 0.0 0 F
416548 28941 0.189606647273 4 T
416548 497157 0.0 0 T
416548 884300 0.174189893927 4 T
416548 884805 0.0 0 T
416548 909021 0.0 0 T
416548 1233933 0.172751924865 5 T
416548 1250901 0.0 0 T
416548 1571132 0.0 0 T
416548 1589133 0.142932088527 4 T
416548 1978635 0.147203235361 4 T
416548 96005 0.0 0 F
416548 265281 0.0 0 F
416548 769189 0.0 0 F
416548 810759 0.0 0 F
416548 823612 0.0 0 F
416548 958955 0.0 0 F
416548 1644175 0.0 0 F
416548 1727182 0.0 0 F
416548 1846034 0.0825517756829 2 F
416548 2255822 0.0 0 F
1042806 142483 0.248523715042 6 T
1042806 476174 0.19857636457 4 T
1042806 752312 0.172115445592 4 T
1042806 763386 0.271050035868 6 T
1042806 1054625 0.18708602068 4 T
1042806 1089399 0.0 0 T
1042806 1227013 0.176081040124 4 T
1042806 1392401 0.0 0 T
1042806 1467557 0.0 0 T
1042806 1553111 0.0 0 T
1042806 1680371 0.0 0 T
1042806 1754609 0.0 0 T
1042806 1883639 0.141452803777 2 T
1042806 2223081 0.206377655229 5 T
1042806 800664 0.0 0 F
1042806 867272 0.191698232323 6 F
1042806 987144 0.0 0 F
1808860 527626 0.272727272727 5 T
1808860 638083 0.135885167464 5 T
1808860 866303 0.263157894737 5 T
1808860 873220 0.0 0 T
1808860 892493 0.0 0 F
1808860 1694539 0.0 0 F
1831966 129079 0.0728276353276 3 T
1831966 157403 0.0754451566952 6 T
1831966 174643 0.0 0 T
1831966 219332 0.0 0 T
1831966 539783 0.0 0 T
1831966 570610 0.0 0 T
1831966 730962 0.0 0 T
1831966 958389 0.0 0 T
1831966 1028105 0.0 0 T
1831966 1192441 0.0 0 T
1831966 1264633 0.0 0 T
1831966 1323416 0.0701388888889 2 T
1831966 1427270 0.0 0 T
1831966 1449704 0.0 0 T
1831966 1630803 0.0603840942256 2 T
1831966 1725011 0.0 0 T
1831966 1753051 0.0 0 T
1831966 1793235 0.0 0 T
1831966 1849927 0.0 0 T
1831966 2039006 0.0 0 T
1831966 2127189 0.0 0 T
1831966 2224268 0.0 0 T
1831966 2230225 0.0720293933709 4 T
1831966 1180302 0.0 0 F
1831966 1706725 0.0 0 F
1276716 1364101 0.5 4 T
1276716 1366553 0.5 5 T
1276716 2018120 0.0 0 T
1276716 2237867 0.5 5 T
1276716 668546 0.0 0 F
113454 123541 0.146314725921 5 T
113454 205650 0.122455699366 3 T
113454 297345 0.0 0 T
113454 343978 0.207678939937 3 T
113454 356069 0.192352316928 3 T
113454 419359 0.15248655914 2 T
113454 478946 0.182488228266 3 T
113454 505870 0.0 0 T
113454 627316 0.0 0 T
113454 633608 0.0 0 T
113454 829405 0.0 0 T
113454 840290 0.0 0 T
113454 852917 0.0 0 T
113454 994482 0.0 0 T
113454 1006134 0.0 0 T
113454 1114613 0.211519185713 6 T
113454 1269355 0.0 0 T
113454 1299799 0.0948232476352 2 T
113454 1376863 0.0 0 T
113454 1447764 0.0 0 T
113454 1661100 0.0 0 T
113454 1814786 0.0 0 T
113454 1855913 0.122944457919 4 T
113454 1880589 0.0 0 T
113454 2051961 0.192352316928 3 T
113454 33806 0.0 0 F
113454 385086 0.0 0 F
113454 1114908 0.0 0 F
113454 1149105 0.0 0 F
113454 1751192 0.0 0 F
113454 2173507 0.0 0 F
113454 2197467 0.0 0 F
2267954 40892 0.0 0 T
2267954 129452 0.0 0 T
2267954 257128 0.0 0 T
2267954 281976 0.0395339990261 3 T
2267954 369637 0.0434016994479 6 T
2267954 522016 0.0 0 T
2267954 606189 0.032331513365 1 T
2267954 837420 0.0 0 T
2267954 1025174 0.0 0 T
2267954 1028423 0.0 0 T
2267954 1038667 0.0 0 T
2267954 1127062 0.0 0 T
2267954 1175166 0.0 0 T
2267954 1250583 0.0 0 T
2267954 1547293 0.031381390549 1 T
2267954 1722734 0.037621628534 5 T
2267954 1828376 0.0 0 T
2267954 1971576 0.0 0 T
2267954 1976335 0.0 0 T
2267954 1981823 0.0 0 T
2267954 2017260 0.0 0 T
2267954 2074555 0.0 0 T
2267954 2226959 0.0 0 T
2267954 2255784 0.0 0 T
2267954 69766 0.0 0 F
1899318 9470 0.0 0 T
1899318 27050 0.0 0 T
1899318 130902 0.0806577199214 2 T
1899318 183060 0.0 0 T
1899318 268450 0.0 0 T
1899318 276775 0.0 0 T
1899318 303082 0.103702319827 3 T
1899318 308633 0.0 0 T
1899318 337105 0.0 0 T
1899318 390964 0.0 0 T
1899318 446588 0.0 0 T
1899318 521468 0.0 0 T
1899318 569175 0.0 0 T
1899318 583774 0.127450728965 5 T
1899318 602916 0.0 0 T
1899318 607862 0.108739769542 3 T
1899318 618839 0.109396034227 4 T
1899318 633263 0.0 0 T
1899318 635598 0.0 0 T
1899318 683511 0.0 0 T
1899318 736072 0.0 0 T
1899318 798071 0.0 0 T
1899318 820622 0.0 0 T
1899318 848142 0.0 0 T
1899318 861360 0.0 0 T
1899318 882868 0.0 0 T
1899318 886224 0.0 0 T
1899318 915904 0.0 0 T
1899318 923441 0.0 0 T
1899318 947924 0.0 0 T
1899318 959594 0.0 0 T
1899318 1027372 0.0 0 T
1899318 1047564 0.0 0 T
1899318 1072130 0.121896162429 8 T
1899318 1098378 0.0773645253805 3 T
1899318 1106054 0.0 0 T
1899318 1136491 0.0 0 T
1899318 1156813 0.0 0 T
1899318 1157745 0.131874300531 5 T
1899318 1223602 0.0 0 T
1899318 1253799 0.0 0 T
1899318 1270884 0.0 0 T
1899318 1329782 0.0978237536364 3 T
1899318 1340837 0.0986702684159 9 T
1899318 1348237 0.0 0 T
1899318 1350563 0.0 0 T
1899318 1414865 0.08726204922 2 T
1899318 1498404 0.0 0 T
1899318 1519053 0.0 0 T
1899318 1530466 0.0 0 T
1899318 1533042 0.0 0 T
1899318 1533510 0.121109654655 5 T
1899318 1540539 0.0 0 T
1899318 1568662 0.0 0 T
1899318 1592428 0.0 0 T
1899318 1706643 0.0 0 T
1899318 1743467 0.0 0 T
1899318 1801959 0.0 0 T
1899318 1814758 0.0 0 T
1899318 1816709 0.0 0 T
1899318 1851044 0.0 0 T
1899318 1980080 0.0 0 T
1899318 1995988 0.0 0 T
1899318 2007844 0.0749232195893 3 T
1899318 2034323 0.0 0 T
1899318 2090047 0.0857361470171 3 T
1899318 2143560 0.113186682536 4 T
1899318 2143772 0.109307005251 3 T
1899318 2147366 0.0 0 T
1899318 2151032 0.0 0 T
1899318 2204519 0.0552025477636 1 T
1899318 2218686 0.0 0 T
1899318 2246271 0.137030674579 6 T
1899318 2248539 0.0 0 T
1899318 271474 0.0 0 F
1899318 1259267 0.0 0 F
1899318 1544060 0.0 0 F
1514295 24429 0.0 0 T
1514295 27080 0.0 0 T
1514295 62301 0.197679039122 4 T
1514295 88107 0.110670079888 2 T
1514295 191263 0.0 0 T
1514295 201155 0.0 0 T
1514295 226459 0.188533711298 4 T
1514295 297863 0.0 0 T
1514295 343659 0.0 0 T
1514295 354764 0.0 0 T
1514295 355117 0.0 0 T
1514295 427613 0.0 0 T
1514295 436539 0.246456838882 5 T
1514295 594164 0.187279372183 5 T
1514295 599834 0.0 0 T
1514295 664129 0.0 0 T
1514295 681187 0.0 0 T
1514295 695362 0.166598266071 3 T
1514295 734067 0.0 0 T
1514295 839039 0.12907514143 3 T
1514295 911819 0.131219432464 2 T
1514295 915042 0.199654510777 3 T
1514295 971596 0.0 0 T
1514295 1039837 0.0 0 T
1514295 1065741 0.0 0 T
1514295 1120661 0.0 0 T
1514295 1183111 0.154145505224 5 T
1514295 1272140 0.0 0 T
1514295 1278122 0.105982657253 6 T
1514295 1303138 0.0 0 T
1514295 1304577 0.230151662414 5 T
1514295 1330049 0.0 0 T
1514295 1334879 0.109567152285 2 T
1514295 1370758 0.235990499236 5 T
1514295 1373600 0.0 0 T
1514295 1396640 0.0 0 T
1514295 1410825 0.0 0 T
1514295 1555399 0.168279505931 4 T
1514295 1700951 0.0 0 T
1514295 1794838 0.162333231211 3 T
1514295 1897407 0.0 0 T
1514295 1920786 0.0 0 T
1514295 1927360 0.161132942802 1 T
1514295 1981968 0.0 0 T
1514295 2049747 0.0 0 T
1514295 2074150 0.0 0 T
1514295 2098519 0.0 0 T
1514295 2119145 0.231602856172 3 T
1514295 2124050 0.0 0 T
1514295 2146330 0.184757888683 3 T
1514295 2227383 0.0 0 T
1514295 2252757 0.0 0 T
1514295 123825 0.119862952962 4 F
1514295 287596 0.0 0 F
1719097 252464 0.0542245982352 4 T
1719097 300784 0.087325351649 5 T
1719097 1267794 0.0 0 T
1719097 1425673 0.0 0 T
1719097 1477727 0.0 0 T
1719097 1741059 0.0 0 T
1719097 2040843 0.0 0 T
1719097 5725 0.0 0 F
1719097 23121 0.0 0 F
1719097 24222 0.0 0 F
1719097 51691 0.0 0 F
1719097 87422 0.0 0 F
1719097 168870 0.0 0 F
1719097 344470 0.0 0 F
1719097 351162 0.0 0 F
1719097 408484 0.0 0 F
1719097 415963 0.0386957479268 1 F
1719097 459561 0.0 0 F
1719097 484861 0.0 0 F
1719097 648324 0.0 0 F
1719097 704192 0.0639963891002 6 F
1719097 791196 0.0647777496092 5 F
1719097 837935 0.0 0 F
1719097 875988 0.0 0 F
1719097 913042 0.0 0 F
1719097 971228 0.0 0 F
1719097 1038042 0.0821132342091 6 F
1719097 1092311 0.0 0 F
1719097 1121528 0.0 0 F
1719097 1143758 0.0 0 F
1719097 1190775 0.0931808567583 5 F
1719097 1252868 0.0 0 F
1719097 1399838 0.0 0 F
1719097 1414361 0.0 0 F
1719097 1559200 0.0 0 F
1719097 1560497 0.0 0 F
1719097 1568100 0.0 0 F
1719097 1607275 0.0579995514689 7 F
1719097 1641928 0.0 0 F
1719097 1733422 0.0 0 F
1719097 1751948 0.0 0 F
1719097 1805331 0.0 0 F
1719097 1810733 0.0 0 F
1719097 1841823 0.0 0 F
1719097 1869757 0.0 0 F
1719097 1940849 0.0 0 F
1719097 2056934 0.0 0 F
1719097 2071466 0.0 0 F
1719097 2090818 0.0 0 F
1719097 2227125 0.0722212563186 6 F
1186619 1902256 0.0 0 T
1186619 1938382 0.0 1 T
1186619 473478 0.0 0 F
1186619 544913 0.0 0 F
1186619 1351213 0.0 0 F
260924 22415 0.0 0 T
260924 67033 0.0420868673829 6 T
260924 71862 0.0354955019163 5 T
260924 128634 0.0 0 T
260924 129237 0.0356347447129 1 T
260924 148773 0.0 0 T
260924 162468 0.0 0 T
260924 199697 0.0 0 T
260924 224378 0.0 0 T
260924 325416 0.0 0 T
260924 350247 0.0417038010226 5 T
260924 353160 0.0 0 T
260924 423746 0.0 0 T
260924 443270 0.0 0 T
260924 453725 0.0286744892721 1 T
260924 480953 0.0 0 T
260924 516799 0.0 0 T
260924 545510 0.0323983904286 2 T
260924 551421 0.0 0 T
260924 561418 0.0363393380907 3 T
260924 589726 0.0 0 T
260924 626276 0.0 0 T
260924 642659 0.0 0 T
260924 686402 0.0 0 T
260924 716408 0.0 0 T
260924 763018 0.0361933478847 2 T
260924 767046 0.0 0 T
260924 793732 0.0 0 T
260924 803879 0.0 0 T
260924 841090 0.0 0 T
260924 862156 0.0 0 T
260924 875691 0.0 0 T
260924 960998 0.0 0 T
260924 973589 0.0 0 T
260924 986363 0.0 0 T
260924 999503 0.0 0 T
260924 1014080 0.0 0 T
260924 1023104 0.0 0 T
260924 1051034 0.0 0 T
260924 1057826 0.0 0 T
260924 1106343 0.0 0 T
260924 1146413 0.0 0 T
260924 1148891 0.0 0 T
260924 1177352 0.0 0 T
260924 1184104 0.0 0 T
260924 1190957 0.0 0 T
260924 1202332 0.0 0 T
260924 1215793 0.0 0 T
260924 1220510 0.0 0 T
260924 1235533 0.0 0 T
260924 1245658 0.0 0 T
260924 1249214 0.0 0 T
260924 1260766 0.0 0 T
260924 1275861 0.0 0 T
260924 1299707 0.0 0 T
260924 1321686 0.0 0 T
260924 1321698 0.0 0 T
260924 1324702 0.0 0 T
260924 1328022 0.0 0 T
260924 1330080 0.0 0 T
260924 1339160 0.0 0 T
260924 1348018 0.0 0 T
260924 1355957 0.0 0 T
260924 1382742 0.0 0 T
260924 1429769 0.0 0 T
260924 1439599 0.0 0 T
260924 1452924 0.0 0 T
260924 1453230 0.0 0 T
260924 1464862 0.0 0 T
260924 1494094 0.0386441555725 5 T
260924 1507675 0.0 0 T
260924 1524169 0.0 0 T
260924 1525663 0.0 0 T
260924 1531128 0.026147342919 1 T
260924 1554694 0.0 0 T
260924 1570601 0.0 0 T
260924 1592203 0.0 0 T
260924 1715912 0.0 0 T
260924 1720231 0.0 0 T
260924 1740736 0.0 0 T
260924 1772952 0.0 0 T
260924 1790179 0.0 0 T
260924 1795567 0.0 0 T
260924 1805549 0.0 0 T
260924 1821203 0.0 0 T
260924 1827934 0.0 0 T
260924 1854536 0.0 0 T
260924 1884423 0.0 0 T
260924 1893269 0.0 0 T
260924 1899203 0.0 0 T
260924 1930202 0.0 0 T
260924 1933081 0.0 0 T
260924 1997237 0.0360977945141 3 T
260924 2024345 0.0 0 T
260924 2042154 0.0 0 T
260924 2044121 0.0 0 T
260924 2069480 0.0 0 T
260924 2071681 0.0 0 T
260924 2074971 0.0 0 T
260924 2106920 0.0 0 T
260924 2140010 0.0 0 T
260924 2157556 0.0 0 T
260924 2183703 0.0406214909321 3 T
260924 2186944 0.0326504275073 1 T
260924 2220419 0.0 0 T
260924 2242554 0.0 0 T
260924 18955 0.0 0 F
260924 354783 0.0350192473512 4 F
260924 429411 0.0 0 F
260924 684234 0.0 0 F
260924 1089612 0.0 0 F
260924 1363259 0.0 0 F
260924 1602730 0.0 0 F
260924 1665310 0.0 0 F
260924 2066535 0.0 0 F
260924 2071091 0.0 0 F
1909898 32796 0.0905406109264 4 T
1909898 43245 0.0 0 T
1909898 84844 0.0899729568028 4 T
1909898 136988 0.0 0 T
1909898 143000 0.0 0 T
1909898 169349 0.0 0 T
1909898 213345 0.0 0 T
1909898 216172 0.0 0 T
1909898 240528 0.0 0 T
1909898 310838 0.0 0 T
1909898 358796 0.0932774897115 5 T
1909898 360015 0.0 0 T
1909898 396073 0.0 0 T
1909898 446893 0.0905857822993 5 T
1909898 486081 0.0 0 T
1909898 498622 0.0 0 T
1909898 583615 0.0 0 T
1909898 621458 0.0 0 T
1909898 665717 0.0 0 T
1909898 710596 0.0 0 T
1909898 720319 0.0631734913008 6 T
1909898 734101 0.0 0 T
1909898 760683 0.0905857822993 5 T
1909898 782306 0.0 0 T
1909898 806927 0.0 0 T
1909898 833557 0.08801512451 3 T
1909898 874978 0.0 0 T
1909898 879588 0.0 0 T
1909898 908964 0.0 0 T
1909898 946061 0.0 0 T
1909898 1056404 0.0 0 T
1909898 1072127 0.0 0 T
1909898 1153390 0.0 0 T
1909898 1244346 0.0 0 T
1909898 1300590 0.0 0 T
1909898 1310310 0.0 0 T
1909898 1526572 0.0560866862312 6 T
1909898 1554515 0.0 0 T
1909898 1561741 0.0 0 T
1909898 1574213 0.093388800041 5 T
1909898 1614050 0.0 0 T
1909898 1645430 0.0 0 T
1909898 1666199 0.0 0 T
1909898 1680152 0.0901274242121 5 T
1909898 1703209 0.0630870800487 6 T
1909898 1714745 0.0 0 T
1909898 1758932 0.0 0 T
1909898 1771879 0.0865858574406 4 T
1909898 1816146 0.0 0 T
1909898 1955019 0.0 0 T
1909898 1989752 0.0 0 T
1909898 2125451 0.0 0 T
1909898 2143919 0.0688242177039 4 T
1909898 2146205 0.0 0 T
1909898 2192649 0.0 0 T
1909898 2211501 0.0 0 T
1909898 6939 0.0 0 F
1909898 14556 0.0 0 F
1909898 42143 0.0 0 F
1909898 43224 0.0 0 F
1909898 43557 0.0 0 F
1909898 68754 0.0 0 F
1909898 101208 0.0 0 F
1909898 197801 0.0 0 F
1909898 265110 0.0590740153845 3 F
1909898 272296 0.0 0 F
1909898 286903 0.0 0 F
1909898 309931 0.0 0 F
1909898 312532 0.0 0 F
1909898 313637 0.0 0 F
1909898 328200 0.0 0 F
1909898 345986 0.0 0 F
1909898 354671 0.0 0 F
1909898 363130 0.0 0 F
1909898 425467 0.0 0 F
1909898 436162 0.0 0 F
1909898 444605 0.0 0 F
1909898 479615 0.0 0 F
1909898 486966 0.0500673222414 6 F
1909898 540134 0.0 0 F
1909898 592505 0.0 0 F
1909898 604656 0.0 0 F
1909898 616493 0.0 0 F
1909898 663740 0.0 0 F
1909898 670331 0.0 0 F
1909898 675118 0.0 0 F
1909898 695679 0.0549946995767 3 F
1909898 739424 0.0 0 F
1909898 768577 0.0 0 F
1909898 785426 0.0 0 F
1909898 800029 0.0 0 F
1909898 813139 0.0 0 F
1909898 824392 0.0 0 F
1909898 882809 0.0 0 F
1909898 886008 0.0 0 F
1909898 905530 0.0 0 F
1909898 926195 0.0576262660782 4 F
1909898 931993 0.0 0 F
1909898 945564 0.0 0 F
1909898 946861 0.0386482340653 1 F
1909898 959928 0.0 0 F
1909898 1006183 0.0 0 F
1909898 1010758 0.0 0 F
1909898 1061889 0.0 0 F
1909898 1075192 0.0 0 F
1909898 1082200 0.0 0 F
1909898 1084012 0.0 0 F
1909898 1086388 0.0 0 F
1909898 1111107 0.0 0 F
1909898 1121585 0.0 0 F
1909898 1166865 0.0 0 F
1909898 1182578 0.0518118336784 4 F
1909898 1213128 0.0 0 F
1909898 1222807 0.0 0 F
1909898 1247184 0.0 0 F
1909898 1252003 0.0 0 F
1909898 1392492 0.0 0 F
1909898 1398909 0.0 0 F
1909898 1494871 0.0 0 F
1909898 1524859 0.0 0 F
1909898 1525341 0.0 0 F
1909898 1562945 0.0446657619277 2 F
1909898 1655693 0.0 0 F
1909898 1663530 0.0 0 F
1909898 1717581 0.0 0 F
1909898 1749965 0.0 0 F
1909898 1755033 0.0 0 F
1909898 1767959 0.0483990234656 3 F
1909898 1768969 0.0 0 F
1909898 1800916 0.0 0 F
1909898 1812550 0.0 0 F
1909898 1813390 0.0 0 F
1909898 1900615 0.0515331409344 3 F
1909898 1906864 0.0 0 F
1909898 1911892 0.0 0 F
1909898 1931584 0.0 0 F
1909898 1940132 0.0 0 F
1909898 1970747 0.0 0 F
1909898 1995945 0.0 0 F
1909898 2005845 0.0 0 F
1909898 2029724 0.0 0 F
1909898 2056066 0.0 0 F
1909898 2057539 0.0 0 F
1909898 2063482 0.0 0 F
1909898 2097609 0.0 0 F
1909898 2115214 0.0 0 F
1909898 2144017 0.0518017105816 4 F
1909898 2202728 0.0 0 F
1547071 86370 0.043132247154 2 T
1547071 140333 0.0 0 T
1547071 220628 0.0 0 T
1547071 423954 0.0 0 T
1547071 580815 0.0 0 T
1547071 743092 0.0 0 T
1547071 777699 0.0 0 T
1547071 832423 0.0 0 T
1547071 1121305 0.0 0 T
1547071 1152901 0.0485625222476 3 T
1547071 1164010 0.0 0 T
1547071 1183925 0.0481611706272 4 T
1547071 1388429 0.0 0 T
1547071 1539197 0.051847041847 4 T
1547071 1566455 0.0 0 T
1547071 1848721 0.0 0 T
1547071 1963972 0.0471133389028 2 T
1547071 2172596 0.0 0 T
1547071 52557 0.0 0 F
1547071 52774 0.0 0 F
1547071 60776 0.0 0 F
1547071 81604 0.0 0 F
1547071 102051 0.0 0 F
1547071 110644 0.0 0 F
1547071 148876 0.0 0 F
1547071 214071 0.0 0 F
1547071 227000 0.0 0 F
1547071 232414 0.0 0 F
1547071 261166 0.0 0 F
1547071 323529 0.0 0 F
1547071 372232 0.0453043529816 5 F
1547071 384997 0.0 0 F
1547071 461858 0.0 0 F
1547071 528075 0.0 0 F
1547071 567135 0.0 0 F
1547071 576031 0.0325026382381 4 F
1547071 582331 0.0 0 F
1547071 661944 0.0 0 F
1547071 736165 0.0 0 F
1547071 757396 0.0 0 F
1547071 779121 0.0 0 F
1547071 862310 0.0 0 F
1547071 952517 0.0 0 F
1547071 989366 0.037792758584 2 F
1547071 1028740 0.0 0 F
1547071 1045424 0.0 0 F
1547071 1074556 0.0 0 F
1547071 1119668 0.0 0 F
1547071 1232591 0.0 0 F
1547071 1247634 0.0 0 F
1547071 1248671 0.0 0 F
1547071 1302824 0.0 0 F
1547071 1345907 0.0 0 F
1547071 1353451 0.0 0 F
1547071 1441579 0.0 0 F
1547071 1448972 0.0 0 F
1547071 1469455 0.0 0 F
1547071 1473921 0.0 0 F
1547071 1544304 0.0 0 F
1547071 1561393 0.0 0 F
1547071 1567068 0.0 0 F
1547071 1632725 0.0 0 F
1547071 1679819 0.0 0 F
1547071 1741064 0.0 0 F
1547071 1822689 0.0 0 F
1547071 1834723 0.0330828212144 2 F
1547071 1834858 0.0 0 F
1547071 1850088 0.0 0 F
1547071 2009036 0.0 0 F
1547071 2016920 0.0 0 F
1547071 2048600 0.0 0 F
1547071 2051772 0.0481614958387 6 F
1547071 2085816 0.0 0 F
1547071 2134360 0.0 0 F
1547071 2198133 0.0 0 F
1547071 2208247 0.0402217612998 3 F
736064 1385776 0.0 0 T
736064 2166503 0.0 2 T
736064 2219339 0.0 0 T
736064 1980765 0.0 0 F
2104129 10809 0.0 0 T
2104129 133850 0.0 0 T
2104129 223703 0.0 0 T
2104129 1223734 0.0 0 T
2104129 1276148 0.0233333333333 6 T
2104129 1380619 0.0 0 T
2104129 1465261 0.0 0 T
2104129 1950033 0.0 0 T
2104129 276155 0.0 0 F
2104129 765019 0.0 0 F
2104129 915128 0.0233333333333 4 F
2104129 1523956 0.0 0 F
2104129 2171589 0.0 0 F
1891138 100387 0.185317470483 4 T
1891138 378872 0.163121300368 3 T
1891138 407954 0.205087457357 6 T
1891138 463788 0.154059116741 5 T
1891138 556876 0.164703808024 4 T
1891138 588296 0.0 0 T
1891138 690089 0.175876267727 4 T
1891138 1134485 0.149105122495 4 T
1891138 1175301 0.0 0 T
1891138 1178490 0.164804850271 4 T
1891138 1295370 0.173626457735 4 T
1891138 1470301 0.0 0 T
1891138 1562319 0.191441214781 5 T
1891138 1663319 0.0 0 T
1891138 2060490 0.175876267727 4 T
1891138 2140841 0.0 0 T
1891138 2165000 0.151313226183 4 T
1891138 2177975 0.129496244329 3 T
1891138 2197372 0.0430602273957 2 T
1891138 11636 0.0 0 F
1891138 25169 0.140153759512 5 F
1891138 89012 0.0 0 F
1891138 109021 0.0 0 F
1891138 155806 0.0 0 F
1891138 170074 0.12593042768 5 F
1891138 191217 0.0 0 F
1891138 208566 0.0 0 F
1891138 210029 0.155064393407 5 F
1891138 246757 0.0 0 F
1891138 307120 0.0 0 F
1891138 321598 0.151797686386 4 F
1891138 328635 0.154887001923 4 F
1891138 362042 0.176949336352 5 F
1891138 383785 0.0 0 F
1891138 400836 0.137839920208 3 F
1891138 457215 0.0 0 F
1891138 461303 0.160418517295 5 F
1891138 471808 0.0 0 F
1891138 586615 0.0 0 F
1891138 588743 0.0 0 F
1891138 598673 0.158283312801 7 F
1891138 639536 0.0 0 F
1891138 740567 0.0 0 F
1891138 755634 0.153081905828 4 F
1891138 840026 0.159478702022 5 F
1891138 845227 0.0 0 F
1891138 885379 0.0 0 F
1891138 947692 0.0 0 F
1891138 1081940 0.12722987345 4 F
1891138 1116589 0.0 0 F
1891138 1118464 0.0 0 F
1891138 1148169 0.0 0 F
1891138 1217888 0.0 0 F
1891138 1247705 0.0 0 F
1891138 1258695 0.0 0 F
1891138 1317727 0.0 0 F
1891138 1332212 0.156935059777 4 F
1891138 1379090 0.0 0 F
1891138 1437009 0.0 0 F
1891138 1451449 0.0 0 F
1891138 1500649 0.0 0 F
1891138 1521396 0.171100576833 3 F
1891138 1538148 0.0 0 F
1891138 1592401 0.0 0 F
1891138 1600719 0.0 0 F
1891138 1609421 0.0 0 F
1891138 1655385 0.0 0 F
1891138 1659518 0.157696334298 5 F
1891138 1728307 0.160426820851 5 F
1891138 1772908 0.150376827927 5 F
1891138 1871093 0.134140141862 5 F
1891138 1940953 0.0 0 F
1891138 1967859 0.126174292515 3 F
1891138 1977505 0.0 0 F
1891138 2034392 0.155155881192 4 F
1891138 2052260 0.132486106612 3 F
1891138 2091514 0.0 0 F
1891138 2104030 0.0 0 F
1891138 2105205 0.0 0 F
1891138 2244093 0.0 0 F
1799307 15359 0.0516650495996 5 T
1799307 24259 0.0 0 T
1799307 105563 0.0 0 T
1799307 112351 0.0442331068983 3 T
1799307 113361 0.0 0 T
1799307 126286 0.0 0 T
1799307 137382 0.0 0 T
1799307 153266 0.0 0 T
1799307 161135 0.0 0 T
1799307 190586 0.0 0 T
1799307 195335 0.0 0 T
1799307 202984 0.0 0 T
1799307 240805 0.0448300647649 4 T
1799307 245941 0.0 0 T
1799307 247834 0.0 0 T
1799307 249867 0.0 0 T
1799307 265222 0.0 0 T
1799307 272327 0.0 0 T
1799307 288036 0.0 0 T
1799307 303893 0.0 0 T
1799307 304048 0.0 0 T
1799307 307291 0.0 0 T
1799307 314850 0.0 0 T
1799307 319171 0.0 0 T
1799307 352133 0.0 0 T
1799307 375071 0.0 0 T
1799307 378935 0.0 0 T
1799307 394447 0.0 0 T
1799307 398663 0.0 0 T
1799307 399405 0.0805810928837 4 T
1799307 409265 0.0 0 T
1799307 452807 0.0 0 T
1799307 458554 0.0 0 T
1799307 460981 0.048370672548 4 T
1799307 489207 0.0 0 T
1799307 489605 0.0 0 T
1799307 537921 0.0 0 T
1799307 541623 0.0588390715892 4 T
1799307 571157 0.0 0 T
1799307 580994 0.0 0 T
1799307 601517 0.0 0 T
1799307 602715 0.0 0 T
1799307 644104 0.0772275741437 3 T
1799307 661975 0.059935966811 5 T
1799307 729073 0.0 0 T
1799307 746205 0.0 0 T
1799307 816537 0.0 0 T
1799307 821554 0.0 0 T
1799307 846738 0.0 0 T
1799307 887592 0.0 0 T
1799307 889323 0.0 0 T
1799307 889840 0.0 0 T
1799307 939524 0.078473527092 5 T
1799307 949911 0.0 0 T
1799307 959771 0.0 0 T
1799307 972927 0.0 0 T
1799307 974953 0.0784927364314 5 T
1799307 1009010 0.0 0 T
1799307 1028680 0.0 0 T
1799307 1035861 0.0 0 T
1799307 1039427 0.0 0 T
1799307 1070875 0.0 0 T
1799307 1092813 0.0 0 T
1799307 1139701 0.0 0 T
1799307 1139957 0.0 0 T
1799307 1144537 0.0 0 T
1799307 1193130 0.0 0 T
1799307 1239175 0.0 0 T
1799307 1253464 0.0 0 T
1799307 1285226 0.0676564381734 7 T
1799307 1304144 0.0 0 T
1799307 1307948 0.0781710600907 5 T
1799307 1308622 0.0 0 T
1799307 1369295 0.0 0 T
1799307 1483158 0.0 0 T
1799307 1496369 0.0 0 T
1799307 1523360 0.0 0 T
1799307 1534302 0.0 0 T
1799307 1599412 0.0 0 T
1799307 1603695 0.0 0 T
1799307 1615957 0.0 0 T
1799307 1622294 0.0 0 T
1799307 1640718 0.0 0 T
1799307 1661538 0.0 0 T
1799307 1721114 0.0 0 T
1799307 1721674 0.0 0 T
1799307 1724464 0.0 0 T
1799307 1731768 0.0 0 T
1799307 1787316 0.0 0 T
1799307 1800262 0.0 0 T
1799307 1832917 0.0 0 T
1799307 1846188 0.0 0 T
1799307 1866606 0.0 0 T
1799307 1919640 0.0 0 T
1799307 1922319 0.0 0 T
1799307 1976819 0.0 0 T
1799307 1987707 0.0828411667697 5 T
1799307 1990165 0.0 0 T
1799307 2090769 0.0 0 T
1799307 2093186 0.0 0 T
1799307 2113958 0.0 0 T
1799307 2128403 0.0 0 T
1799307 2168032 0.0529543987037 6 T
1799307 2230587 0.0 0 T
1799307 14023 0.0 0 F
1799307 165916 0.0381972078129 2 F
1799307 1306828 0.0 0 F
1799307 1430554 0.0 0 F
1799307 1585310 0.0 0 F
1799307 1674004 0.0 0 F
1799307 1696579 0.0 0 F
1799307 1864315 0.0 0 F
1799307 2010134 0.0 0 F
154437 91898 0.0 0 T
154437 195258 0.0 0 T
154437 345233 0.0 0 T
154437 400617 0.0 0 T
154437 450168 0.0 0 T
154437 495610 0.0 0 T
154437 539114 0.0 0 T
154437 776138 0.0 0 T
154437 916929 0.0 0 T
154437 1360109 0.0 0 T
154437 1473502 0.0 0 T
154437 1475063 0.0 0 T
154437 1578268 0.0 0 T
154437 1648472 0.0 0 T
154437 1659871 0.0 0 T
154437 1824999 0.0 0 T
154437 1845264 0.0 0 T
154437 1852452 0.0 0 T
154437 1862089 0.0 0 T
154437 1940594 0.0 0 T
154437 2175325 0.0 0 T
154437 2225517 0.0 0 T
154437 2235088 0.0 0 T
154437 2252695 0.0 0 T
154437 224570 0.0 0 F
154437 456347 0.0 0 F
154437 512645 0.0 0 F
154437 519289 0.0199708758061 4 F
154437 602748 0.0211670480549 4 F
154437 621800 0.0 0 F
154437 671618 0.0 0 F
154437 1038443 0.0 0 F
154437 1245886 0.0 0 F
154437 1344635 0.0251196172249 4 F
154437 1767842 0.0 0 F
154437 1806347 0.0 0 F
154437 1953934 0.0 0 F
154437 2005437 0.0 0 F
154437 2156773 0.0 0 F
554124 431504 0.0 0 T
554124 551246 0.0 0 T
554124 1200142 0.0 0 T
554124 1506933 0.0 0 T
554124 1714270 0.0 0 T
554124 1728074 0.0 0 T
554124 14005 0.0 4 F
554124 416977 0.0 0 F
554124 720388 0.0 0 F
554124 799515 0.0 0 F
554124 1079924 0.0 0 F
554124 1613630 0.0 0 F
1817419 133458 0.0 0 T
1817419 381363 0.5 4 T
1817419 1054744 0.5 3 T
1817419 1596629 0.0 0 T
1817419 1755615 0.5 3 T
1817419 1932707 0.5 2 T
1817419 845448 0.0 0 F
949068 30504 0.0 0 T
949068 59341 0.128729242893 4 T
949068 374096 0.0 0 T
949068 376335 0.134892029231 2 T
949068 403006 0.0 0 T
949068 467811 0.0 0 T
949068 468207 0.0 0 T
949068 568888 0.117028282731 6 T
949068 598309 0.0 0 T
949068 642619 0.0822491234256 3 T
949068 839639 0.0 0 T
949068 874697 0.112385464553 6 T
949068 939412 0.208332913105 4 T
949068 987146 0.0 0 T
949068 993627 0.0 0 T
949068 1034095 0.0849280651332 4 T
949068 1047786 0.177301753301 6 T
949068 1057289 0.199034784192 5 T
949068 1121576 0.0 0 T
949068 1280800 0.0 0 T
949068 1413255 0.0 0 T
949068 1420956 0.183285586962 7 T
949068 1439676 0.0 0 T
949068 1440653 0.0 0 T
949068 1752674 0.0 0 T
949068 1772782 0.0 0 T
949068 1797089 0.0 0 T
949068 1853691 0.139331831477 3 T
949068 1985760 0.0 0 T
949068 2027110 0.0 0 T
949068 2072889 0.0 0 T
949068 2127492 0.140328123029 5 T
949068 102695 0.0 0 F
949068 1409673 0.0 0 F
949068 1645479 0.0 0 F
736077 367499 0.0 0 T
736077 547948 0.0 0 T
736077 640965 0.148755656109 3 T
736077 739784 0.0 0 T
736077 759326 0.110556722689 4 T
736077 1390699 0.163706636501 7 T
736077 1553376 0.0 0 T
736077 1963127 0.134112619407 5 T
736077 2124598 0.0 0 T
736077 2167952 0.0 0 T
736077 2199412 0.0 0 T
736077 2253416 0.0 0 T
736077 421484 0.101814892624 5 F
736077 1034107 0.0 0 F
736077 1332602 0.0 0 F
736077 1530256 0.0 0 F
736077 2199412 0.0 0 T
1096163 485962 0.105652801305 5 T
1096163 1980910 0.0 0 T
1096163 97466 0.0 0 F
1096163 128191 0.0984584394888 3 F
1096163 197593 0.0 0 F
1096163 233559 0.0 0 F
1096163 238507 0.0 0 F
1096163 323006 0.0 0 F
1096163 455110 0.0965452847806 7 F
1096163 569859 0.0 0 F
1096163 795356 0.100876108019 4 F
1096163 799589 0.0 0 F
1096163 1098162 0.0 0 F
1096163 1176726 0.102887852888 6 F
1096163 1209100 0.0968101343101 4 F
1096163 1336757 0.0 0 F
1096163 1457210 0.092895992896 2 F
1096163 1573740 0.0 0 F
1096163 1651265 0.0 0 F
1096163 1837604 0.0 0 F
1096163 2017258 0.0 0 F
1096163 2034524 0.0 0 F
441172 25012 0.0 0 T
441172 651705 0.164251207729 7 T
441172 759163 0.106280193237 5 T
441172 892768 0.0 0 T
441172 1010576 0.0 0 T
441172 1229212 0.0 0 T
441172 1669091 0.0 0 T
441172 1772748 0.0 0 T
441172 2049837 0.201288244767 7 T
441172 2133639 0.0 0 T
441172 34929 0.185185185185 8 F
441172 86166 0.0 0 F
441172 1344536 0.185185185185 8 F
1186645 19468 0.213083425654 6 T
1186645 84761 0.0 0 T
1186645 114349 0.130957155083 4 T
1186645 114349 0.130957155083 4 T
1186645 223821 0.0 0 T
1186645 223821 0.0 0 T
1186645 286070 0.0 0 T
1186645 373267 0.172367841111 4 T
1186645 643880 0.140703984463 4 T
1186645 693243 0.0 0 T
1186645 693243 0.0 0 T
1186645 893621 0.160996567868 3 T
1186645 893621 0.160996567868 3 T
1186645 989045 0.0 0 T
1186645 1092371 0.0 0 T
1186645 1327676 0.142587181337 5 T
1186645 1417086 0.0 0 T
1186645 1417086 0.0 0 T
1186645 1950956 0.162652298404 6 T
1186645 1950956 0.162652298404 6 T
1186645 1980305 0.0 0 T
1186645 2010166 0.176937309925 6 T
1186645 2207909 0.0 0 T
1186645 2207909 0.0 0 T
1186645 2211089 0.196043372498 6 T
1186645 955958 0.0 0 F
1186645 955958 0.0 0 F
1186645 1034069 0.159806838171 5 F
1186645 1327672 0.0 0 F
1972996 1816656 0.0 0 T
1972996 878191 0.0 0 F
211800 245867 0.0 0 T
211800 555737 0.0 0 T
211800 647827 0.0833333333333 2 T
211800 733273 0.0833333333333 2 T
211800 790011 0.0 0 T
211800 836439 0.0 0 T
211800 1028948 0.0 0 T
211800 1211245 0.0 0 T
211800 1419992 0.0 0 T
211800 1500780 0.0 0 T
211800 1814128 0.0 0 T
211800 1129636 0.0 0 F
211800 1800769 0.0 0 F
1071963 1283181 0.355789473684 5 T
1071963 1599321 0.273684210526 4 T
1071963 1599321 0.273684210526 4 T
1071963 1599321 0.273684210526 4 T
1071963 1599321 0.273684210526 4 T
1071963 1599321 0.273684210526 4 T
1071963 2195543 0.34 3 T
1071963 2217052 0.0 0 T
1071963 1599321 0.273684210526 4 T
465756 20735 0.473466371027 5 T
465756 62106 0.521951219512 5 T
465756 781481 0.0 0 T
465756 1578479 0.453555967842 2 T
465756 1724462 0.345943255351 3 T
465756 1738276 0.0 0 F
1378789 476026 0.0 0 T
1378789 728662 0.0 0 T
1378789 1266815 0.0 5 T
1378789 1491493 0.0 0 T
1378789 1595529 0.0 0 T
1378789 1716794 0.0 0 T
1378789 2068364 0.0 0 T
1378789 2111533 0.0 0 T
1378789 205747 0.0 0 F
1378789 749636 0.0 0 F
1378789 899219 0.0 0 F
1378789 1096305 0.0 0 F
1378789 1272279 0.0 0 F
1378789 1300698 0.0 0 F
1563488 77300 0.0 0 T
1563488 211915 0.0 0 T
1563488 246979 0.0 0 T
1563488 270396 0.0 0 T
1563488 370990 0.0 0 T
1563488 443443 0.0884543229706 4 T
1563488 469607 0.0 0 T
1563488 520223 0.0 0 T
1563488 606735 0.0 0 T
1563488 670365 0.0 0 T
1563488 736095 0.0 0 T
1563488 898125 0.0 0 T
1563488 986183 0.0933148185252 4 T
1563488 1040782 0.0 0 T
1563488 1080910 0.0985909193109 3 T
1563488 1150166 0.108620786479 4 T
1563488 1158639 0.0 0 T
1563488 1230615 0.0 0 T
1563488 1258506 0.0 0 T
1563488 1260700 0.0 0 T
1563488 1273121 0.0 0 T
1563488 1498865 0.12321392325 5 T
1563488 1595525 0.12144108368 3 T
1563488 1724967 0.102004573759 3 T
1563488 1740416 0.0 0 T
1563488 1816781 0.0 0 T
1563488 1906337 0.0 0 T
1563488 1991978 0.0 0 T
1563488 1999192 0.101547734069 3 T
1563488 2055963 0.0 0 T
1563488 2135784 0.0 0 T
1563488 807810 0.10942434945 3 F
1563488 839273 0.0 0 F
1563488 1048636 0.0 0 F
1563488 1810882 0.0 0 F
1563488 1979194 0.114245327549 5 F
39778 31782 0.0 0 T
39778 77607 0.0 0 T
39778 116511 0.100722683458 3 T
39778 177900 0.0 0 T
39778 254898 0.0 0 T
39778 351603 0.0 0 T
39778 432327 0.123126181415 8 T
39778 498273 0.0 0 T
39778 508555 0.0 0 T
39778 549302 0.0 0 T
39778 559203 0.0918823339461 3 T
39778 599702 0.0 0 T
39778 672037 0.0 0 T
39778 805341 0.0 0 T
39778 912096 0.111735028429 6 T
39778 919872 0.10749300946 7 T
39778 1105514 0.108844545625 6 T
39778 1145952 0.110250688769 8 T
39778 1198962 0.0 0 T
39778 1240958 0.0 0 T
39778 1262086 0.0 0 T
39778 1279259 0.102872787211 3 T
39778 1414028 0.112901687147 6 T
39778 1439950 0.0 0 T
39778 1539896 0.0 0 T
39778 1818112 0.0 0 T
39778 1899046 0.0 0 T
39778 1914722 0.10749300946 7 T
39778 1936621 0.0 0 T
39778 2059106 0.0 0 T
39778 2059806 0.0 0 T
39778 2323 0.0 0 F
39778 57030 0.0 0 F
39778 82055 0.0 0 F
39778 115146 0.0 0 F
39778 169846 0.0 0 F
39778 183182 0.11710230316 3 F
39778 192415 0.0957590651589 2 F
39778 199841 0.0 0 F
39778 208435 0.0 0 F
39778 217486 0.126258712058 3 F
39778 237355 0.0 0 F
39778 287617 0.0 0 F
39778 298052 0.0 0 F
39778 319858 0.0 0 F
39778 337304 0.0 0 F
39778 382297 0.102555376565 4 F
39778 391873 0.117280749426 6 F
39778 391879 0.0 0 F
39778 394413 0.0 0 F
39778 408778 0.0 0 F
39778 451690 0.0 0 F
39778 458467 0.138034141594 6 F
39778 464425 0.0 0 F
39778 470363 0.126371917603 2 F
39778 545102 0.0 0 F
39778 572835 0.107655141434 1 F
39778 594056 0.0 0 F
39778 625104 0.109050301671 4 F
39778 630759 0.0 0 F
39778 648658 0.131906098302 4 F
39778 667744 0.0 0 F
39778 709071 0.0 0 F
39778 734337 0.0947521095159 4 F
39778 741657 0.0 0 F
39778 767740 0.120118225374 2 F
39778 773452 0.0 0 F
39778 776851 0.0634566619067 1 F
39778 801062 0.0 0 F
39778 828126 0.125461328557 4 F
39778 830033 0.0 0 F
39778 838082 0.0 0 F
39778 838367 0.11213730867 2 F
39778 851529 0.0 0 F
39778 881018 0.0 0 F
39778 885717 0.0 0 F
39778 919570 0.0 0 F
39778 939209 0.0 0 F
39778 948763 0.0 0 F
39778 951845 0.0 0 F
39778 957237 0.0 0 F
39778 986857 0.0 0 F
39778 993804 0.0 0 F
39778 1008814 0.0 0 F
39778 1011374 0.119448839466 3 F
39778 1033927 0.104068677529 3 F
39778 1034290 0.109533148849 4 F
39778 1042081 0.0983664200375 3 F
39778 1042603 0.107655141434 1 F
39778 1065957 0.0 0 F
39778 1087979 0.0 0 F
39778 1088562 0.120028734205 5 F
39778 1106417 0.0 0 F
39778 1107923 0.0 0 F
39778 1178094 0.0 0 F
39778 1194477 0.0 0 F
39778 1214271 0.0 0 F
39778 1264518 0.114211248135 2 F
39778 1283673 0.0 0 F
39778 1286851 0.107655141434 1 F
39778 1291513 0.12099553985 3 F
39778 1293320 0.0 0 F
39778 1296714 0.0 0 F
39778 1317009 0.0 0 F
39778 1317551 0.0 0 F
39778 1319815 0.0 0 F
39778 1324685 0.0 0 F
39778 1341355 0.122833109482 5 F
39778 1370607 0.0 0 F
39778 1386402 0.0 0 F
39778 1425834 0.126371917603 2 F
39778 1464172 0.0 0 F
39778 1465493 0.0 0 F
39778 1471826 0.107655141434 1 F
39778 1495679 0.0 0 F
39778 1501169 0.0996170589346 2 F
39778 1510193 0.0 0 F
39778 1537633 0.0 0 F
39778 1557468 0.0933726243836 2 F
39778 1561450 0.0 0 F
39778 1561467 0.0 0 F
39778 1566501 0.0 0 F
39778 1638274 0.0 0 F
39778 1663292 0.0 0 F
39778 1665500 0.107655141434 1 F
39778 1683097 0.128695126749 4 F
39778 1695033 0.0 0 F
39778 1696591 0.127325883328 3 F
39778 1761599 0.0 0 F
39778 1765108 0.114948222675 2 F
39778 1770228 0.0 0 F
39778 1777813 0.0 0 F
39778 1805494 0.119006155915 2 F
39778 1899677 0.0 0 F
39778 1909272 0.0 0 F
39778 1964049 0.0 0 F
39778 1970420 0.0 0 F
39778 1975664 0.0 0 F
39778 1978850 0.0 0 F
39778 1985804 0.0 0 F
39778 1994278 0.0 0 F
39778 2009413 0.125319348417 5 F
39778 2011689 0.0 0 F
39778 2052338 0.0 0 F
39778 2075918 0.123444049815 3 F
39778 2120347 0.0 0 F
39778 2143817 0.0 0 F
39778 2169470 0.0 0 F
39778 2179156 0.0 0 F
39778 2218065 0.122052330446 4 F
39778 2238718 0.0 0 F
39778 2258994 0.0 0 F
1675067 377473 0.209036174553 2 T
1675067 508539 0.0 0 T
1675067 552069 0.0 0 T
1675067 564518 0.0 0 T
1675067 572334 0.0 0 T
1675067 790205 0.252129802039 2 T
1675067 826536 0.0 0 T
1675067 1060234 0.0 0 T
1675067 1078178 0.0 0 T
1675067 1157247 0.252129802039 3 T
1675067 1275826 0.206502006642 3 T
1675067 1287479 0.0 0 T
1675067 1341462 0.238872589224 3 T
1675067 1352373 0.159824046921 1 T
1675067 1509588 0.0 0 T
1675067 2057551 0.252129802039 3 T
1675067 2199470 0.238872589224 2 T
1675067 2229905 0.209036174553 5 T
1675067 873661 0.0 0 F
1675067 1125161 0.0 0 F
1675067 1595259 0.0 0 F
1675067 1756362 0.0 0 F
1675067 2207844 0.0 0 F
1045179 1453 0.0 0 T
1045179 47164 0.0 0 T
1045179 75594 0.103486315322 4 T
1045179 87789 0.142500592088 2 T
1045179 93990 0.128760253863 5 T
1045179 106419 0.0 0 T
1045179 130373 0.0 0 T
1045179 164808 0.123147359913 4 T
1045179 242121 0.0 0 T
1045179 250478 0.0 0 T
1045179 310198 0.0 0 T
1045179 380936 0.0 0 T
1045179 424493 0.0 0 T
1045179 500011 0.0 0 T
1045179 588385 0.0 0 T
1045179 628196 0.13140839375 4 T
1045179 673263 0.0982594028057 4 T
1045179 703926 0.0 0 T
1045179 804345 0.0 0 T
1045179 814551 0.0 0 T
1045179 866670 0.0 0 T
1045179 925805 0.099797186531 3 T
1045179 993445 0.0 0 T
1045179 1053677 0.125928481676 2 T
1045179 1097539 0.0 0 T
1045179 1103063 0.0 0 T
1045179 1146868 0.11669281036 4 T
1045179 1168883 0.0 0 T
1045179 1218263 0.0 0 T
1045179 1219281 0.0 0 T
1045179 1242727 0.122079611737 7 T
1045179 1264782 0.0 0 T
1045179 1283799 0.0 0 T
1045179 1308687 0.156736697489 2 T
1045179 1355032 0.0 0 T
1045179 1374670 0.0 0 T
1045179 1392401 0.0 0 T
1045179 1438640 0.11539591492 4 T
1045179 1455003 0.0 0 T
1045179 1503351 0.0 0 T
1045179 1611195 0.0 0 T
1045179 1619399 0.0 0 T
1045179 1635067 0.0 0 T
1045179 1740431 0.126379174113 3 T
1045179 1756609 0.105562477685 4 T
1045179 1777649 0.0 0 T
1045179 1777672 0.0 0 T
1045179 1820571 0.145720380781 4 T
1045179 1855925 0.0 0 T
1045179 1876686 0.0 0 T
1045179 1945045 0.0 0 T
1045179 1966643 0.157586840258 3 T
1045179 1980528 0.0 0 T
1045179 1989543 0.0 0 T
1045179 2009147 0.0 0 T
1045179 2042205 0.0 0 T
1045179 2062351 0.0 0 T
1045179 2090564 0.0 0 T
1045179 2141895 0.114629713846 3 T
1045179 2161085 0.0 0 T
1045179 2161579 0.0 0 T
1045179 354269 0.0 0 F
793062 681606 0.0 0 T
793062 1160967 0.0 0 T
793062 34439 0.0 0 F
793062 126297 0.0 0 F
793062 174205 0.0 0 F
793062 369444 0.0 0 F
793062 384825 0.0 0 F
793062 478048 0.0 0 F
793062 620528 0.0 0 F
793062 639483 0.0106837606838 3 F
793062 764058 0.0 0 F
793062 905389 0.0 0 F
793062 949222 0.0 0 F
793062 1064105 0.0 0 F
793062 1365075 0.0 0 F
793062 1384967 0.0 0 F
793062 1434178 0.0 0 F
793062 1446366 0.0 0 F
793062 1449567 0.0 0 F
793062 1666746 0.0 0 F
793062 1872564 0.0 0 F
793062 1886157 0.0 0 F
793062 1979577 0.0 0 F
793062 2037818 0.0 0 F
793062 2114259 0.0 0 F
793062 2163739 0.0 0 F
793062 2210838 0.0106837606838 3 F
449385 540853 0.138590245698 4 T
449385 599543 0.166667634741 4 T
449385 699416 0.0 0 T
449385 793533 0.0 0 T
449385 905021 0.174868126286 3 T
449385 1110578 0.100394152714 3 T
449385 1375268 0.169816107151 3 T
449385 1420440 0.0 0 T
449385 1600383 0.075309991536 1 T
449385 1670159 0.0 0 T
449385 1711334 0.0 0 T
449385 1768487 0.0 0 T
449385 1819728 0.0 0 T
449385 1889161 0.0971157874384 2 T
449385 1971374 0.0 0 T
449385 2066344 0.0 0 T
449385 2152626 0.157109561395 3 T
449385 66120 0.0 0 F
449385 113545 0.0 0 F
449385 640477 0.0 0 F
449385 769336 0.0 0 F
449385 795209 0.0 0 F
449385 808212 0.0 0 F
449385 951857 0.0 0 F
449385 959460 0.0 0 F
449385 1172040 0.0 0 F
449385 1226549 0.087577924213 4 F
449385 1242419 0.0857483458606 3 F
449385 1320621 0.0 0 F
449385 1974919 0.0 0 F
449385 2030747 0.0 0 F
449385 2197006 0.0 0 F
572267 739353 0.0 0 T
572267 805716 0.0 0 T
572267 809176 0.157844669698 5 T
572267 844326 0.157844669698 5 T
572267 956521 0.0 0 T
572267 1225360 0.0 0 T
572267 1507925 0.11785968661 6 T
572267 1973900 0.136970263533 6 T
572267 3065 0.0 0 F
572267 10621 0.0 0 F
572267 152553 0.153286637931 7 F
572267 898484 0.0 0 F
572267 994804 0.141369047619 5 F
572267 1291607 0.0 0 F
572267 1464622 0.0 0 F
572267 2094381 0.0 0 F
572267 2223141 0.0 0 F
1956716 9587 0.0 0 T
1956716 31291 0.0 0 T
1956716 83588 0.17344446767 4 T
1956716 413547 0.172827116271 4 T
1956716 957309 0.0 0 T
1956716 1088224 0.0 0 T
1956716 1166777 0.0 0 T
1956716 1201324 0.206887883358 5 T
1956716 1312450 0.204574836928 7 T
1956716 1345733 0.0 0 T
1956716 1407415 0.0 0 T
1956716 1599342 0.0 0 T
1956716 1685738 0.198107448107 4 T
1956716 1841978 0.0 0 T
1956716 2201589 0.0 0 T
1956716 83588 0.17344446767 4 T
1956716 413547 0.172827116271 4 T
1956716 2240574 0.157428355958 4 F
1055597 6996 0.0 0 T
1055597 67671 0.0 0 T
1055597 114866 0.0 0 T
1055597 126383 0.0 0 T
1055597 126383 0.0 0 T
1055597 141807 0.0 0 T
1055597 166453 0.0 0 T
1055597 178933 0.0 0 T
1055597 203313 0.0 0 T
1055597 203708 0.0 0 T
1055597 227157 0.0 0 T
1055597 236766 0.0 0 T
1055597 239088 0.0 0 T
1055597 249524 0.0 0 T
1055597 252987 0.202147096293 4 T
1055597 294436 0.0 0 T
1055597 302601 0.0 0 T
1055597 307305 0.0 0 T
1055597 312942 0.0 0 T
1055597 320124 0.0 0 T
1055597 340830 0.0 0 T
1055597 369782 0.0 0 T
1055597 380929 0.0 0 T
1055597 384882 0.149580054075 3 T
1055597 390832 0.0 0 T
1055597 477591 0.0 0 T
1055597 487983 0.0 0 T
1055597 503681 0.0 0 T
1055597 568052 0.0 0 T
1055597 616507 0.0 0 T
1055597 634602 0.207673386176 5 T
1055597 658442 0.0 0 T
1055597 684291 0.0 0 T
1055597 688996 0.0 0 T
1055597 693817 0.0 0 T
1055597 693817 0.0 0 T
1055597 717602 0.0 0 T
1055597 750606 0.121603522611 3 T
1055597 804593 0.0 0 T
1055597 804853 0.0 0 T
1055597 904341 0.0 0 T
1055597 1028098 0.0 0 T
1055597 1028687 0.0 0 T
1055597 1029940 0.0 0 T
1055597 1031712 0.0 0 T
1055597 1093158 0.0 0 T
1055597 1113205 0.0 0 T
1055597 1161622 0.0 0 T
1055597 1239191 0.0 0 T
1055597 1243092 0.0 0 T
1055597 1255956 0.0 0 T
1055597 1308564 0.0 0 T
1055597 1316826 0.22797194077 4 T
1055597 1328140 0.0 0 T
1055597 1345006 0.0 0 T
1055597 1356613 0.0 0 T
1055597 1457719 0.0 0 T
1055597 1473834 0.19369728743 6 T
1055597 1560012 0.0 0 T
1055597 1569153 0.0 0 T
1055597 1580886 0.0 0 T
1055597 1591638 0.0 0 T
1055597 1612236 0.0 0 T
1055597 1662528 0.0 0 T
1055597 1690637 0.199017339184 5 T
1055597 1731717 0.0 0 T
1055597 1757233 0.0 0 T
1055597 1762031 0.0 0 T
1055597 1763527 0.0 0 T
1055597 1796408 0.0 0 T
1055597 1796503 0.0 0 T
1055597 1810273 0.0 0 T
1055597 1814946 0.0 0 T
1055597 1856384 0.0 0 T
1055597 1876643 0.0 0 T
1055597 1877181 0.0 0 T
1055597 1910306 0.0 0 T
1055597 1924488 0.193223882383 2 T
1055597 1944664 0.0 0 T
1055597 1958722 0.187637367246 3 T
1055597 1980035 0.0 0 T
1055597 1984088 0.0 0 T
1055597 1991645 0.0 0 T
1055597 2068740 0.0 0 T
1055597 2117182 0.0 0 T
1055597 2132346 0.0 0 T
1055597 2151753 0.0 0 T
1055597 2156611 0.248177385834 7 T
1055597 2178108 0.0 0 T
1055597 2183442 0.0 0 T
1055597 2233051 0.153969199501 5 T
1055597 5479 0.482003331636 2 F
1055597 6485 0.482003331636 2 F
1055597 12540 0.482003331636 2 F
1055597 26669 0.482003331636 2 F
1055597 34312 0.482003331636 2 F
1055597 38225 0.482003331636 2 F
1055597 52205 0.482003331636 2 F
1055597 91761 0.482003331636 2 F
1055597 92608 0.482003331636 2 F
1055597 99639 0.482003331636 2 F
1055597 165916 0.479211848212 2 F
1055597 231720 0.482003331636 2 F
1055597 261762 0.482003331636 2 F
1055597 296267 0.482003331636 2 F
1055597 334959 0.482003331636 2 F
1055597 346761 0.482003331636 2 F
1055597 368749 0.482003331636 2 F
1055597 422099 0.482003331636 2 F
1055597 424674 0.482003331636 2 F
1055597 429701 0.482003331636 2 F
1055597 435137 0.482003331636 2 F
1055597 465553 0.482003331636 2 F
1055597 494822 0.482003331636 2 F
1055597 504367 0.482003331636 2 F
1055597 509039 0.482003331636 2 F
1055597 529601 0.482003331636 2 F
1055597 597186 0.482003331636 2 F
1055597 625541 0.482003331636 2 F
1055597 694887 0.482003331636 2 F
1055597 705366 0.482003331636 2 F
1055597 710356 0.482003331636 2 F
1055597 808661 0.482003331636 2 F
1055597 818535 0.482003331636 2 F
1055597 841031 0.482003331636 2 F
1055597 848629 0.482003331636 2 F
1055597 867020 0.482003331636 2 F
1055597 926812 0.482003331636 2 F
1055597 940172 0.482003331636 2 F
1055597 964431 0.482003331636 2 F
1055597 969312 0.482003331636 2 F
1055597 983639 0.482003331636 2 F
1055597 986366 0.482003331636 2 F
1055597 1000352 0.482003331636 2 F
1055597 1001311 0.482003331636 2 F
1055597 1079187 0.482003331636 2 F
1055597 1082014 0.482003331636 2 F
1055597 1084390 0.482003331636 2 F
1055597 1110207 0.482003331636 2 F
1055597 1123028 0.482003331636 2 F
1055597 1152558 0.0 0 F
1055597 1160909 0.482003331636 2 F
1055597 1202086 0.482003331636 2 F
1055597 1303056 0.482003331636 2 F
1055597 1312779 0.482003331636 2 F
1055597 1317401 0.482003331636 2 F
1055597 1321319 0.482003331636 2 F
1055597 1405642 0.482003331636 2 F
1055597 1414147 0.482003331636 2 F
1055597 1461106 0.482003331636 2 F
1055597 1468559 0.482003331636 2 F
1055597 1495985 0.482003331636 2 F
1055597 1521992 0.482003331636 2 F
1055597 1559944 0.482003331636 2 F
1055597 1583603 0.482003331636 2 F
1055597 1606712 0.482003331636 2 F
1055597 1662320 0.482003331636 2 F
1055597 1785964 0.482003331636 2 F
1055597 1803593 0.482003331636 2 F
1055597 1846100 0.482003331636 2 F
1055597 1863877 0.482003331636 2 F
1055597 1873492 0.482003331636 2 F
1055597 1892135 0.482003331636 2 F
1055597 1899999 0.482003331636 2 F
1055597 1932123 0.482003331636 2 F
1055597 1978413 0.482003331636 2 F
1055597 1979494 0.482003331636 2 F
1055597 2102079 0.482003331636 2 F
1055597 2113497 0.482003331636 2 F
1055597 2136677 0.482003331636 2 F
1055597 2142910 0.482003331636 2 F
80750 98810 0.0 0 T
80750 391045 0.0 0 T
80750 1323212 0.0 0 T
80750 1641710 0.133784313725 7 T
80750 226023 0.111708658491 5 F
80750 339718 0.0 0 F
80750 752823 0.0 0 F
80750 769688 0.0 0 F
80750 888658 0.118321132361 5 F
80750 911188 0.0 0 F
80750 929826 0.157478632479 5 F
80750 1003724 0.111016429964 5 F
80750 1833588 0.0 0 F
80750 1838731 0.171985519354 4 F
80750 1844619 0.0 0 F
80750 1852796 0.0 0 F
2251235 374025 0.522311212815 8 T
2251235 455343 0.471174849178 6 T
2251235 479639 0.298558897243 5 T
2251235 664901 0.0 0 T
2251235 675370 0.0 0 T
2251235 840503 0.352912486065 4 T
2251235 1430344 0.459584763539 5 T
2251235 1898131 0.398211163836 6 T
2251235 2078046 0.0 0 F
47985 10785 0.0 0 T
47985 75357 0.0 0 T
47985 166116 0.0 0 T
47985 187483 0.0 0 T
47985 190571 0.195716837629 5 T
47985 204956 0.305562781533 4 T
47985 314830 0.0 0 T
47985 359125 0.0 0 T
47985 434454 0.0 0 T
47985 540969 0.282371853029 3 T
47985 623232 0.231260639658 6 T
47985 759931 0.0 0 T
47985 866628 0.242735226237 6 T
47985 918694 0.184461486557 3 T
47985 1079289 0.0 0 T
47985 1172482 0.268847537977 5 T
47985 1204100 0.0 0 T
47985 1316393 0.244901180803 6 T
47985 1343942 0.0 0 T
47985 1349224 0.0 0 T
47985 1389351 0.258592582631 7 T
47985 1455664 0.22533661588 6 T
47985 1478914 0.19409267631 3 T
47985 1496396 0.29186643129 5 T
47985 1556075 0.0 0 T
47985 1560533 0.208775780287 6 T
47985 1751566 0.0 0 T
47985 1751786 0.299749929558 6 T
47985 1800217 0.238177572784 5 T
47985 1920640 0.27038882545 7 T
47985 1933792 0.0 0 T
47985 1953112 0.0 0 T
47985 2034901 0.0 0 T
47985 2130995 0.18719129873 5 T
47985 344249 0.0 0 F
47985 1159143 0.0 0 F
47985 1394198 0.0 0 F
47985 1463831 0.0 0 F
47985 1554085 0.0 0 F
47985 2146606 0.155256282179 6 F
908148 135128 0.0 0 T
908148 204074 0.0 0 T
908148 211116 0.0 0 T
908148 234780 0.0 0 T
908148 252773 0.0 0 T
908148 266623 0.0 0 T
908148 335390 0.0 0 T
908148 358397 0.0 0 T
908148 515396 0.0 0 T
908148 537266 0.0 0 T
908148 585452 0.0610591419455 1 T
908148 592419 0.0 0 T
908148 641669 0.0 0 T
908148 642970 0.0 0 T
908148 657992 0.0 0 T
908148 659584 0.0 0 T
908148 698407 0.0 0 T
908148 707226 0.0683527959442 7 T
908148 765011 0.0 0 T
908148 781451 0.0 0 T
908148 875484 0.0 0 T
908148 889800 0.0 0 T
908148 901413 0.0697124913484 5 T
908148 929674 0.0 0 T
908148 941801 0.0706870468275 5 T
908148 945295 0.0 2 T
908148 1003711 0.0 0 T
908148 1090239 0.0 0 T
908148 1180102 0.0 0 T
908148 1322738 0.0 0 T
908148 1328995 0.0 0 T
908148 1412507 0.0 0 T
908148 1469243 0.0 0 T
908148 1471691 0.0737787045673 5 T
908148 1507052 0.0 0 T
908148 1511002 0.0 0 T
908148 1551496 0.0 0 T
908148 1556219 0.0 0 T
908148 1569974 0.0 0 T
908148 1574205 0.0 0 T
908148 1599703 0.0 0 T
908148 1599730 0.0 0 T
908148 1661913 0.0 0 T
908148 1666455 0.0637277647301 6 T
908148 1681170 0.0 0 T
908148 1741132 0.0 0 T
908148 1765176 0.0 0 T
908148 1804842 0.0 0 T
908148 1831679 0.0 0 T
908148 1910555 0.0 0 T
908148 1944628 0.0 0 T
908148 1956215 0.0 0 T
908148 2009073 0.0 0 T
908148 2059400 0.0 0 T
908148 2060693 0.0 0 T
908148 2081769 0.0 0 T
908148 2087117 0.0 0 T
908148 2093225 0.0 0 T
908148 2104711 0.0717172372139 6 T
908148 2110536 0.0 0 T
908148 2113455 0.0 0 T
908148 2117513 0.0 0 T
908148 2133534 0.0749191321921 5 T
908148 2168008 0.0 0 T
908148 2207011 0.0 0 T
908148 2215440 0.0 0 T
908148 2218861 0.0 0 T
908148 2238510 0.0 0 T
908148 2241999 0.0 0 T
908148 6087 0.0622549908825 6 F
908148 30351 0.0 0 F
908148 38410 0.0 0 F
908148 94867 0.0 0 F
908148 105586 0.0 0 F
908148 112321 0.0 0 F
908148 147232 0.0 0 F
908148 248877 0.0 0 F
908148 267118 0.0 0 F
908148 299317 0.0 0 F
908148 310724 0.0 0 F
908148 326452 0.0 0 F
908148 369808 0.0 0 F
908148 417952 0.0627975572562 6 F
908148 423923 0.0 0 F
908148 526358 0.0788278832912 7 F
908148 545081 0.0585547288364 5 F
908148 558717 0.0 0 F
908148 656339 0.0 0 F
908148 687993 0.0633854861655 5 F
908148 710748 0.0542856382535 5 F
908148 739078 0.0 0 F
908148 838133 0.0309870426684 1 F
908148 927698 0.0603792129624 6 F
908148 973534 0.0 0 F
908148 975323 0.0 0 F
908148 1062788 0.0 0 F
908148 1064659 0.0 0 F
908148 1109726 0.0 0 F
908148 1136585 0.0 0 F
908148 1213072 0.0 0 F
908148 1221583 0.0447838039558 1 F
908148 1234152 0.0 0 F
908148 1284096 0.0667372134733 5 F
908148 1509310 0.0 0 F
908148 1551342 0.0 0 F
908148 1588848 0.0 0 F
908148 1630481 0.0 0 F
908148 1631664 0.056433179432 4 F
908148 1754819 0.0613916115874 5 F
908148 1774669 0.0457511443104 4 F
908148 1830824 0.0 0 F
908148 2004877 0.0 0 F
908148 2006503 0.0 0 F
908148 2011874 0.0 0 F
908148 2054092 0.0 0 F
908148 2174263 0.0 0 F
908148 2204523 0.0710643517019 5 F
891765 285392 0.0856354293854 3 T
891765 314009 0.0744013733124 2 T
891765 336493 0.0 0 T
891765 1248955 0.0852826510721 4 T
891765 10413 0.0 0 F
891765 14019 0.0 0 F
891765 524248 0.0 0 F
891765 696431 0.0 0 F
891765 778843 0.0 0 F
891765 785995 0.0 0 F
891765 1216507 0.0 0 F
891765 1405425 0.0 0 F
891765 1789718 0.0 0 F
891765 1824109 0.12864091318 5 F
891765 1856605 0.0 0 F
891765 2040726 0.0 0 F
891765 2101484 0.116623931624 2 F
891765 2148283 0.0 0 F
891765 2250474 0.0906723927414 4 F
2186103 794871 0.223978919631 4 T
2186103 911621 0.202898550725 5 T
2186103 41162 0.0 0 F
2186103 312699 0.281949934124 10 F
965507 393525 0.0 0 T
965507 781896 0.100861556744 3 T
965507 1288328 0.0 0 T
965507 1762163 0.0 0 T
965507 1909943 0.161294261294 3 T
965507 600078 0.0 0 F
965507 811627 0.0 0 F
965507 1047669 0.126893566791 4 F
965507 1447910 0.0 0 F
965507 1611451 0.195491635389 4 F
965507 1962874 0.177972027972 5 F
965507 2098361 0.0 0 F
39812 11561 0.0 0 T
39812 58142 0.0 0 T
39812 75085 0.0922855803082 4 T
39812 86160 0.0 0 T
39812 89735 0.0 0 T
39812 124929 0.0 0 T
39812 146979 0.0826607352602 4 T
39812 201335 0.0896353047883 4 T
39812 289483 0.0 0 T
39812 299778 0.0 0 T
39812 311926 0.0970376591597 8 T
39812 321660 0.0 0 T
39812 368211 0.0 0 T
39812 374703 0.0 0 T
39812 446807 0.0 0 T
39812 624033 0.0 0 T
39812 800266 0.0 0 T
39812 824117 0.0 0 T
39812 854177 0.0 0 T
39812 866589 0.0 0 T
39812 904480 0.0951813225133 7 T
39812 1045658 0.094460179975 7 T
39812 1102686 0.0 0 T
39812 1158022 0.0 0 T
39812 1269296 0.0 0 T
39812 1284267 0.0 0 T
39812 1302814 0.0 0 T
39812 1342909 0.0 0 T
39812 1374438 0.0 0 T
39812 1434075 0.0 0 T
39812 1440544 0.0869574348567 6 T
39812 1514564 0.0 0 T
39812 1543065 0.0945238264176 5 T
39812 1594615 0.0 0 T
39812 1613623 0.0879703842704 4 T
39812 1766273 0.0 0 T
39812 1780458 0.0 0 T
39812 1781294 0.0 0 T
39812 1803000 0.0 0 T
39812 1834759 0.0 0 T
39812 1943260 0.0878626632713 5 T
39812 1947554 0.0 0 T
39812 1980225 0.0 0 T
39812 2010294 0.0 0 T
39812 2147674 0.0 0 T
39812 2163416 0.0912563234067 4 T
39812 2197061 0.0 0 T
39812 2214174 0.0 0 T
39812 2245270 0.0 0 T
39812 2246137 0.0 0 T
39812 7652 0.0 0 F
39812 15030 0.0 0 F
39812 29126 0.0 0 F
39812 32449 0.0895838507229 6 F
39812 33603 0.0 0 F
39812 52591 0.0 0 F
39812 53421 0.0 0 F
39812 58736 0.0 0 F
39812 85987 0.0 0 F
39812 117572 0.0914052569867 4 F
39812 119404 0.0 0 F
39812 144857 0.091501392401 5 F
39812 146452 0.0 0 F
39812 148882 0.0 0 F
39812 205019 0.0 0 F
39812 211781 0.0 0 F
39812 216526 0.0 0 F
39812 218744 0.0 0 F
39812 249560 0.0915281018115 4 F
39812 257056 0.0853193021236 5 F
39812 296961 0.0 0 F
39812 301416 0.0982569478335 4 F
39812 327829 0.0 0 F
39812 347667 0.0 0 F
39812 351512 0.0 0 F
39812 361712 0.0838483447133 4 F
39812 376551 0.0 0 F
39812 376611 0.0 0 F
39812 410362 0.0 0 F
39812 442300 0.0870336122627 5 F
39812 455557 0.0 0 F
39812 459917 0.0915093419628 6 F
39812 467108 0.0 0 F
39812 474909 0.0842325380154 5 F
39812 552857 0.0 0 F
39812 578821 0.0 0 F
39812 608291 0.0 0 F
39812 639037 0.0 0 F
39812 645767 0.077011225892 2 F
39812 651589 0.0625594379299 3 F
39812 675993 0.0877413957561 3 F
39812 687501 0.0 0 F
39812 690894 0.0 0 F
39812 727061 0.0864563031009 5 F
39812 780009 0.0 0 F
39812 820345 0.085793163308 4 F
39812 851298 0.0 0 F
39812 883518 0.0 0 F
39812 913290 0.0 0 F
39812 964082 0.0 0 F
39812 980003 0.0 0 F
39812 985576 0.0 0 F
39812 1006334 0.0 0 F
39812 1045690 0.0 0 F
39812 1047699 0.0 0 F
39812 1049929 0.0 0 F
39812 1087166 0.0 0 F
39812 1101400 0.0 0 F
39812 1132957 0.0 0 F
39812 1156132 0.0355858213099 1 F
39812 1168443 0.0 0 F
39812 1170460 0.0 0 F
39812 1188896 0.0 0 F
39812 1192180 0.0792149655285 6 F
39812 1192963 0.0 0 F
39812 1215989 0.0 0 F
39812 1217129 0.0 0 F
39812 1226060 0.0 0 F
39812 1233945 0.0894699234376 6 F
39812 1235477 0.0 0 F
39812 1292860 0.0 0 F
39812 1345683 0.0 0 F
39812 1365135 0.0 0 F
39812 1403189 0.0 0 F
39812 1407724 0.0 0 F
39812 1423963 0.0 0 F
39812 1452937 0.0 0 F
39812 1462982 0.0 0 F
39812 1491801 0.0957560160589 5 F
39812 1513375 0.0 0 F
39812 1520689 0.0 0 F
39812 1560768 0.0 0 F
39812 1569023 0.0 0 F
39812 1600574 0.0853594673111 5 F
39812 1609441 0.0 0 F
39812 1625431 0.0 0 F
39812 1626612 0.0 0 F
39812 1627546 0.0475338324271 1 F
39812 1627862 0.0897986147754 6 F
39812 1642646 0.0 0 F
39812 1669445 0.0 0 F
39812 1685184 0.0690437155631 4 F
39812 1712700 0.0 0 F
39812 1712757 0.0 0 F
39812 1735980 0.0 0 F
39812 1761252 0.0943189499535 6 F
39812 1769537 0.0 0 F
39812 1782403 0.0 0 F
39812 1784484 0.0 0 F
39812 1785775 0.0 0 F
39812 1801419 0.0 0 F
39812 1811511 0.0 0 F
39812 1817387 0.0 0 F
39812 1822254 0.0 0 F
39812 1829936 0.0804030815455 2 F
39812 1835265 0.0 0 F
39812 1845451 0.0 0 F
39812 1846045 0.0973644472533 5 F
39812 1859744 0.0 0 F
39812 1863752 0.0 0 F
39812 1892866 0.0 0 F
39812 1907456 0.0 0 F
39812 1924140 0.0 0 F
39812 1940370 0.0 0 F
39812 1943468 0.0917487440621 6 F
39812 1947934 0.0 0 F
39812 1971748 0.0 0 F
39812 1986957 0.0 0 F
39812 1997334 0.0 0 F
39812 2003883 0.0 0 F
39812 2010453 0.0 0 F
39812 2021589 0.0 0 F
39812 2021622 0.098615343583 4 F
39812 2025542 0.0905651532174 7 F
39812 2044133 0.0840112874127 4 F
39812 2061632 0.0918187619082 8 F
39812 2062443 0.0870447351939 8 F
39812 2066034 0.085793163308 4 F
39812 2088545 0.0979583438513 6 F
39812 2093560 0.0 0 F
39812 2094103 0.0 0 F
39812 2109573 0.0 0 F
39812 2122112 0.0 0 F
39812 2147098 0.0998292948895 4 F
39812 2205346 0.084327936967 3 F
39812 2206055 0.0 0 F
39812 2210281 0.0 0 F
809861 65957 0.0 0 T
809861 455626 0.223650932974 6 T
809861 476392 0.223134470792 8 T
809861 533181 0.270645299145 9 T
809861 597988 0.212773506031 6 T
809861 679301 0.0 0 T
809861 686671 0.163555780768 5 T
809861 726842 0.0 0 T
809861 747030 0.245023643136 6 T
809861 766063 0.201488080071 8 T
809861 848961 0.0 0 T
809861 904491 0.218736030262 7 T
809861 1072394 0.251087596614 5 T
809861 1087192 0.270029321913 8 T
809861 1149175 0.14495666626 5 T
809861 1178711 0.0 0 T
809861 1195067 0.19425248642 7 T
809861 1249654 0.261041306871 6 T
809861 1311124 0.0 0 T
809861 1337408 0.0 0 T
809861 1338609 0.27102966098 6 T
809861 1367815 0.23205904816 5 T
809861 1413107 0.151920576636 5 T
809861 1443812 0.256731616006 6 T
809861 1604180 0.0 0 T
809861 1673950 0.148584495511 5 T
809861 1716683 0.260058588365 6 T
809861 1881354 0.238099083627 6 T
809861 1897292 0.15569956074 6 T
809861 1994742 0.0 0 T
809861 2138142 0.167139082914 6 T
809861 2151797 0.168829024554 5 T
809861 2223241 0.226873472827 6 T
809861 165677 0.0 0 F
809861 192507 0.0 0 F
809861 233200 0.0 0 F
809861 243201 0.0 0 F
809861 246024 0.0 0 F
809861 341053 0.0 0 F
809861 412545 0.0 0 F
809861 463700 0.0 0 F
809861 528263 0.0 0 F
809861 592089 0.0 0 F
809861 715398 0.0 0 F
809861 753782 0.0 0 F
809861 786806 0.0 0 F
809861 809709 0.0 0 F
809861 867592 0.0 0 F
809861 894892 0.0 0 F
809861 925243 0.0 0 F
809861 967617 0.0 0 F
809861 998376 0.0 0 F
809861 1025795 0.0 0 F
809861 1080554 0.0 0 F
809861 1498509 0.0 0 F
809861 1618803 0.0 0 F
809861 1695107 0.0 0 F
809861 1815139 0.0 0 F
809861 1832025 0.0 0 F
809861 1841246 0.0 0 F
809861 1856733 0.0 0 F
809861 1869715 0.0 0 F
809861 1875384 0.0 0 F
809861 1928861 0.0 0 F
809861 2203313 0.0 0 F
809861 2245578 0.0 0 F
1383307 10888 0.0 0 T
1383307 20966 0.0 0 T
1383307 116828 0.0 0 T
1383307 150291 0.0834804486084 3 T
1383307 181660 0.0 0 T
1383307 185647 0.107878395121 4 T
1383307 200465 0.0 0 T
1383307 212858 0.0 0 T
1383307 253137 0.0 0 T
1383307 297448 0.174406941095 6 T
1383307 304548 0.0 0 T
1383307 321922 0.151770304565 3 T
1383307 366240 0.11299285986 4 T
1383307 378213 0.0 0 T
1383307 384441 0.162868699777 4 T
1383307 400045 0.162509731416 5 T
1383307 424717 0.0 0 T
1383307 440211 0.136399141261 4 T
1383307 447721 0.0 0 T
1383307 449588 0.0 0 T
1383307 474014 0.159546312313 4 T
1383307 489345 0.0 0 T
1383307 515037 0.0 0 T
1383307 523103 0.0 0 T
1383307 548007 0.0 0 T
1383307 566625 0.0 0 T
1383307 572037 0.0 0 T
1383307 626532 0.0 0 T
1383307 640812 0.0 0 T
1383307 645236 0.0 0 T
1383307 690544 0.162675552433 4 T
1383307 726820 0.10062353531 3 T
1383307 778467 0.0 0 T
1383307 806133 0.0 0 T
1383307 811773 0.17356059533 2 T
1383307 868096 0.0 0 T
1383307 908842 0.139343601858 5 T
1383307 936279 0.0 0 T
1383307 940489 0.0 0 T
1383307 948360 0.0 0 T
1383307 995421 0.0 0 T
1383307 1077699 0.0 0 T
1383307 1098272 0.0 0 T
1383307 1106522 0.0 0 T
1383307 1106627 0.0 0 T
1383307 1141714 0.0 0 T
1383307 1151654 0.0 0 T
1383307 1158160 0.0899512081017 4 T
1383307 1187551 0.0 0 T
1383307 1208661 0.118525066984 5 T
1383307 1251988 0.0 0 T
1383307 1295182 0.120287402537 4 T
1383307 1306029 0.0 0 T
1383307 1328907 0.0 0 T
1383307 1342715 0.0 0 T
1383307 1342786 0.0 0 T
1383307 1350220 0.119433421566 4 T
1383307 1434604 0.0 0 T
1383307 1472894 0.165620131726 2 T
1383307 1491929 0.0 0 T
1383307 1493405 0.0 0 T
1383307 1494938 0.0 0 T
1383307 1536377 0.140567389017 2 T
1383307 1594975 0.118487452782 4 T
1383307 1628248 0.0 0 T
1383307 1675536 0.0 0 T
1383307 1702214 0.0 0 T
1383307 1758390 0.150491757806 4 T
1383307 1801742 0.0 0 T
1383307 1809381 0.0 0 T
1383307 1827747 0.0 0 T
1383307 1828515 0.0 0 T
1383307 1849085 0.0 0 T
1383307 1863789 0.177304432685 5 T
1383307 1864136 0.0 0 T
1383307 1888954 0.0 0 T
1383307 1969291 0.0 0 T
1383307 1984564 0.0 0 T
1383307 1995217 0.0 0 T
1383307 2009341 0.0 0 T
1383307 2013714 0.0 0 T
1383307 2022761 0.107551858864 3 T
1383307 2024303 0.0 0 T
1383307 2081399 0.0 0 T
1383307 2130429 0.133437730721 4 T
1383307 2136317 0.0 0 T
1383307 2151779 0.0 0 T
1383307 2175284 0.0 0 T
1383307 2193515 0.0 0 T
1383307 2198406 0.0 0 T
1383307 2225277 0.0 0 T
1383307 283205 0.0 0 F
1383307 391641 0.0 0 F
1383307 839522 0.0 0 F
1383307 1922783 0.0 0 F
