139689 73337 0.0 0 T
139689 413814 0.0 0 T
139689 578474 0.0 0 T
139689 1786667 0.0 0 T
139689 2092819 0.0608695652174 5 T
139689 2232660 0.0608695652174 2 F
830364 695 0.0 0 T
830364 6900 0.0 0 T
830364 15723 0.0321357742182 3 T
830364 42744 0.0 0 T
830364 47803 0.0 0 T
830364 52172 0.0 0 T
830364 100733 0.0 0 T
830364 125197 0.0 0 T
830364 155125 0.0 0 T
830364 179133 0.0 0 T
830364 180168 0.0 0 T
830364 200167 0.0 0 T
830364 207871 0.0 0 T
830364 244478 0.0 0 T
830364 254933 0.0321999572776 7 T
830364 265754 0.0 0 T
830364 271362 0.0 0 T
830364 275249 0.0 0 T
830364 292633 0.0 0 T
830364 296733 0.0 0 T
830364 298408 0.0 0 T
830364 301330 0.0 0 T
830364 381015 0.0 0 T
830364 382588 0.0 0 T
830364 386410 0.0 0 T
830364 401881 0.0 0 T
830364 409089 0.0 0 T
830364 410686 0.0 0 T
830364 411521 0.0 0 T
830364 420259 0.0 0 T
830364 426511 0.0 0 T
830364 456713 0.0 0 T
830364 508339 0.0 0 T
830364 520410 0.0 0 T
830364 537956 0.0 0 T
830364 547019 0.0 0 T
830364 551898 0.0 0 T
830364 564448 0.0 0 T
830364 616578 0.0 0 T
830364 667251 0.0 0 T
830364 758357 0.015677824767 3 T
830364 762064 0.0 0 T
830364 767587 0.0 0 T
830364 777858 0.0 0 T
830364 791870 0.0 0 T
830364 811077 0.0 0 T
830364 814036 0.0 0 T
830364 842690 0.0 0 T
830364 860433 0.0317891528761 4 T
830364 872505 0.0 0 T
830364 875028 0.0 0 T
830364 877650 0.0 0 T
830364 898207 0.0 0 T
830364 902962 0.0 0 T
830364 917798 0.0 0 T
830364 918254 0.0 0 T
830364 929538 0.0 0 T
830364 938241 0.0 0 T
830364 940661 0.0 0 T
830364 941821 0.0 0 T
830364 947843 0.0 0 T
830364 961937 0.0 0 T
830364 970944 0.0 0 T
830364 976903 0.0 0 T
830364 1013087 0.0 0 T
830364 1035481 0.0 0 T
830364 1044723 0.0 0 T
830364 1057725 0.0 0 T
830364 1060588 0.0 0 T
830364 1061716 0.0 0 T
830364 1065929 0.0 0 T
830364 1080064 0.0 0 T
830364 1086017 0.0 0 T
830364 1088809 0.0 0 T
830364 1095905 0.0 0 T
830364 1120103 0.0 0 T
830364 1131611 0.0 0 T
830364 1145465 0.0 0 T
830364 1173892 0.0 0 T
830364 1199901 0.0 0 T
830364 1202228 0.0 0 T
830364 1230232 0.0249242601081 4 T
830364 1232121 0.0230600555078 7 T
830364 1265499 0.0 0 T
830364 1266296 0.0 0 T
830364 1295894 0.0 0 T
830364 1297029 0.0 0 T
830364 1299510 0.0 0 T
830364 1300693 0.0 0 T
830364 1304431 0.0183266518919 3 T
830364 1307260 0.0 0 T
830364 1317061 0.0 0 T
830364 1331657 0.0 0 T
830364 1332922 0.0 0 T
830364 1333987 0.0 0 T
830364 1343589 0.0 0 T
830364 1361895 0.0 0 T
830364 1374828 0.0 0 T
830364 1396889 0.0 0 T
830364 1400705 0.0 0 T
830364 1401584 0.0 0 T
830364 1422369 0.0 0 T
830364 1455171 0.0 0 T
830364 1468395 0.0 0 T
830364 1490182 0.0 0 T
830364 1491896 0.0 0 T
830364 1492795 0.0 0 T
830364 1532452 0.0 0 T
830364 1534914 0.0 0 T
830364 1537182 0.0 0 T
830364 1568800 0.0 0 T
830364 1576688 0.0 0 T
830364 1617954 0.0 0 T
830364 1620503 0.0 0 T
830364 1629679 0.0 0 T
830364 1637926 0.0 0 T
830364 1638222 0.0 0 T
830364 1666604 0.0 0 T
830364 1703008 0.0 0 T
830364 1715430 0.0 0 T
830364 1741760 0.0 0 T
830364 1764173 0.0 0 T
830364 1801530 0.0 0 T
830364 1812109 0.0 0 T
830364 1816719 0.0 0 T
830364 1818244 0.0 0 T
830364 1837800 0.0 0 T
830364 1838719 0.0 0 T
830364 1850133 0.0 0 T
830364 1854478 0.0 0 T
830364 1856940 0.0 0 T
830364 1879399 0.0 0 T
830364 1880547 0.0 0 T
830364 1896666 0.0 0 T
830364 1915121 0.0 0 T
830364 1915960 0.0 0 T
830364 1953102 0.0 0 T
830364 1969647 0.0 0 T
830364 1972572 0.0 0 T
830364 1972820 0.0 0 T
830364 1978747 0.0 0 T
830364 1988167 0.0 0 T
830364 1989797 0.0 0 T
830364 1998404 0.0 0 T
830364 1998412 0.0 0 T
830364 2008703 0.0 0 T
830364 2011944 0.0 0 T
830364 2018452 0.0 0 T
830364 2043704 0.0 0 T
830364 2052585 0.033303400902 5 T
830364 2066704 0.0 0 T
830364 2075137 0.0 0 T
830364 2079834 0.0 0 T
830364 2082277 0.0 0 T
830364 2083794 0.0 0 T
830364 2085690 0.0 0 T
830364 2139207 0.0 0 T
830364 2147756 0.0197497744693 4 T
830364 2148274 0.0344038441917 5 T
830364 2152956 0.0 0 T
830364 2168339 0.0 0 T
830364 2178657 0.0 0 T
830364 2199524 0.0 0 T
830364 2208462 0.0 0 T
830364 2213563 0.0 0 T
830364 2242558 0.0 0 T
830364 637949 0.0 0 F
830364 1843121 0.0 0 F
830364 2224881 0.0 0 F
1335726 58578 0.0 0 T
1335726 81815 0.0 0 T
1335726 112066 0.0 0 T
1335726 125572 0.0 0 T
1335726 126543 0.145222004792 7 T
1335726 140267 0.147759286359 3 T
1335726 159541 0.0 0 T
1335726 216045 0.137049474338 5 T
1335726 252454 0.0 0 T
1335726 256201 0.0 0 T
1335726 261278 0.0 0 T
1335726 290143 0.0 0 T
1335726 330213 0.0 0 T
1335726 344937 0.177474683824 6 T
1335726 366532 0.142354108198 3 T
1335726 376607 0.0 0 T
1335726 390555 0.146935053312 3 T
1335726 412993 0.0 0 T
1335726 430325 0.0 0 T
1335726 455986 0.135912952367 5 T
1335726 500131 0.137090643331 4 T
1335726 538109 0.0 0 T
1335726 605479 0.0 0 T
1335726 608590 0.117178454505 2 T
1335726 650690 0.0 0 T
1335726 652983 0.0 0 T
1335726 670771 0.0 0 T
1335726 680433 0.184336072281 5 T
1335726 734925 0.0 0 T
1335726 735644 0.174277762646 5 T
1335726 740687 0.0 0 T
1335726 865729 0.0 0 T
1335726 969159 0.0934064398336 1 T
1335726 997517 0.0 0 T
1335726 1043377 0.0 0 T
1335726 1127862 0.163509930834 4 T
1335726 1148080 0.0 0 T
1335726 1191893 0.152331560141 6 T
1335726 1209501 0.0 0 T
1335726 1234281 0.0 0 T
1335726 1235901 0.0 0 T
1335726 1311208 0.153724094434 5 T
1335726 1313751 0.0 0 T
1335726 1438364 0.0 0 T
1335726 1445655 0.172432561065 5 T
1335726 1559099 0.0 0 T
1335726 1573455 0.174239085543 5 T
1335726 1578115 0.16066369397 5 T
1335726 1581281 0.0 0 T
1335726 1593579 0.0 0 T
1335726 1594607 0.0 0 T
1335726 1651599 0.191063733308 5 T
1335726 1661807 0.0 0 T
1335726 1694393 0.174277762646 5 T
1335726 1719775 0.151482293765 4 T
1335726 1732146 0.122245974285 2 T
1335726 1738253 0.0 0 T
1335726 1795906 0.144711611442 6 T
1335726 1806720 0.0 0 T
1335726 1849713 0.0 0 T
1335726 1859149 0.0 0 T
1335726 1867896 0.0 0 T
1335726 1882417 0.0 0 T
1335726 1923950 0.177127552777 3 T
1335726 1930136 0.185018880504 5 T
1335726 1933021 0.0 0 T
1335726 1969553 0.177127552777 3 T
1335726 1981171 0.0 0 T
1335726 2023140 0.172828858347 5 T
1335726 2070302 0.0 0 T
1335726 2129735 0.0 0 T
1335726 2141766 0.0 0 T
1335726 2166238 0.101518674487 2 T
1335726 2186514 0.0856590773915 1 T
1335726 2229007 0.0 0 T
1335726 284631 0.0 0 F
1335726 467442 0.0 0 F
1335726 550324 0.0 0 F
1335726 639615 0.0 0 F
1335726 727414 0.0 0 F
1335726 927170 0.128765144692 4 F
1335726 1223519 0.0 0 F
1335726 1511998 0.0 0 F
1335726 1533002 0.0 0 F
1335726 1775016 0.0 0 F
1335726 2217099 0.0 0 F
1958319 301767 0.0 0 T
1958319 331492 0.0 0 T
1958319 440726 0.0 0 T
1958319 624107 0.0 0 T
1958319 664734 0.0 0 T
1958319 1023951 0.10380952381 2 T
1958319 1374942 0.0 0 T
1958319 1397382 0.0 0 T
1958319 1413862 0.0 0 T
1958319 1509962 0.169166666667 4 T
1958319 1697825 0.0 0 T
1958319 1807766 0.0 0 T
1958319 1864525 0.12380952381 5 T
1958319 1893309 0.135833333333 6 T
1958319 459759 0.0 0 F
1958319 1027056 0.0 0 F
1270196 72749 0.293019902034 4 T
1270196 92376 0.249649712201 5 T
1270196 265824 0.0 0 T
1270196 381265 0.297450756375 7 T
1270196 403273 0.324371108736 5 T
1270196 418282 0.0 0 T
1270196 471461 0.340148196885 4 T
1270196 537307 0.0 0 T
1270196 635766 0.221567004823 4 T
1270196 713465 0.276352494001 3 T
1270196 763334 0.298686748682 5 T
1270196 939244 0.0 0 T
1270196 973252 0.0 0 T
1270196 992285 0.319172169919 6 T
1270196 1018311 0.28378126907 5 T
1270196 1229053 0.246849252297 5 T
1270196 1238352 0.216338059351 5 T
1270196 1421095 0.305580050839 6 T
1270196 1470654 0.226833859016 4 T
1270196 1484942 0.238120383831 4 T
1270196 1490517 0.243281882224 3 T
1270196 1627165 0.0 0 T
1270196 1725003 0.301393571247 5 T
1270196 1746137 0.0596193812513 5 T
1270196 1807957 0.204037617148 4 T
1270196 1874817 0.340148196885 4 T
1270196 1904041 0.213415342478 4 T
1270196 1975218 0.240352729181 5 T
1270196 2022881 0.0 0 T
1270196 2203624 0.296905198588 4 T
1270196 2232813 0.246457364565 5 T
1270196 954491 0.0 0 F
2105782 93147 0.0 0 T
2105782 136916 0.190299242265 3 T
2105782 140645 0.199543843874 4 T
2105782 179794 0.2304133593 4 T
2105782 246183 0.241768443703 4 T
2105782 247758 0.0 0 T
2105782 335370 0.205329717607 5 T
2105782 382571 0.24919148486 7 T
2105782 458263 0.0 0 T
2105782 488304 0.183402430776 3 T
2105782 544654 0.0 0 T
2105782 620687 0.217335205077 6 T
2105782 644337 0.0 0 T
2105782 644807 0.241252051722 5 T
2105782 645310 0.289229042159 5 T
2105782 654571 0.0 0 T
2105782 668249 0.193445337086 4 T
2105782 698068 0.0 0 T
2105782 705899 0.0 0 T
2105782 717229 0.172093929951 2 T
2105782 842863 0.268042763593 2 T
2105782 894677 0.241570781348 3 T
2105782 896928 0.210132093048 4 T
2105782 910573 0.0 0 T
2105782 931782 0.170298746357 1 T
2105782 1076505 0.231652581047 2 T
2105782 1080191 0.0 0 T
2105782 1087165 0.230695588112 5 T
2105782 1143291 0.0 0 T
2105782 1147242 0.0 0 T
2105782 1175440 0.191093646632 4 T
2105782 1215961 0.239101284187 4 T
2105782 1282732 0.273964142966 3 T
2105782 1414731 0.0 0 T
2105782 1440390 0.191990212365 4 T
2105782 1465112 0.19885985438 4 T
2105782 1497026 0.212438833729 3 T
2105782 1565155 0.196960922341 8 T
2105782 1580756 0.198715139575 5 T
2105782 1606520 0.259856979717 3 T
2105782 1641607 0.191890013632 6 T
2105782 1670900 0.0 0 T
2105782 1688472 0.253920090323 3 T
2105782 1768046 0.177087564711 3 T
2105782 1794643 0.0 0 T
2105782 1874655 0.0 0 T
2105782 1893335 0.249692226105 2 T
2105782 1896137 0.0 0 T
2105782 1911457 0.226868368086 4 T
2105782 1923273 0.0 0 T
2105782 1926926 0.0 0 T
2105782 1952508 0.0 0 T
2105782 1989354 0.190249990846 3 T
2105782 2013885 0.231930372408 3 T
2105782 2060073 0.294394424722 3 T
2105782 2072330 0.0 0 T
2105782 2080393 0.0 0 T
2105782 2093865 0.0 0 T
2105782 2120247 0.0 0 T
2105782 2120442 0.0 0 T
2105782 2226789 0.245469180206 4 T
2105782 47636 0.0 0 F
2105782 70786 0.0 0 F
2105782 151886 0.289229042159 5 F
2105782 581389 0.0 0 F
2105782 754912 0.0 0 F
2105782 792908 0.0 0 F
2105782 1012551 0.273964142966 3 F
2105782 1223707 0.177182823456 6 F
2105782 1391489 0.0 0 F
2105782 1432146 0.0 0 F
2105782 1485003 0.183946733793 3 F
2105782 1503697 0.161680296637 6 F
2105782 1536552 0.0 0 F
2105782 1742919 0.166211096118 4 F
2105782 1816766 0.0 0 F
2105782 1843982 0.0 0 F
2105782 1848620 0.0 0 F
2105782 2026722 0.0 0 F
2105782 2166676 0.0 0 F
2105782 2172358 0.0 0 F
2105782 2173500 0.0 0 F
1171895 157105 0.0 0 T
1171895 354834 0.157946730069 5 T
1171895 363852 0.180489421065 5 T
1171895 439862 0.0 0 T
1171895 448856 0.115890818119 6 T
1171895 451586 0.0 0 T
1171895 488319 0.0 0 T
1171895 697832 0.0 0 T
1171895 797504 0.0 0 T
1171895 1100230 0.0 0 T
1171895 1185287 0.0 0 T
1171895 1294094 0.201997087581 4 T
1171895 1350942 0.0 0 T
1171895 1393940 0.0 0 T
1171895 1414407 0.0 0 T
1171895 1492806 0.0 0 T
1171895 1536382 0.0 0 T
1171895 1799911 0.0 0 T
1171895 2069014 0.196940559441 6 T
1171895 2199392 0.0 0 T
1171895 2225281 0.167943579979 6 T
1171895 1155962 0.238544536272 5 F
1171895 1560301 0.0 0 F
1393080 16377 0.0 0 T
1393080 127473 0.0526455739144 5 T
1393080 215947 0.0530862005471 5 T
1393080 289467 0.0 0 T
1393080 708935 0.0 0 T
1393080 1054672 0.0 0 T
1393080 1557791 0.0 0 T
1393080 1616275 0.0 0 T
1393080 1763998 0.0 0 T
1393080 2066534 0.0 0 T
1393080 2184867 0.0 0 T
1393080 26953 0.0 0 F
1393080 192248 0.0 0 F
1393080 326715 0.0716275452489 3 F
1393080 350023 0.0 0 F
1393080 445294 0.0 0 F
1393080 553684 0.0 0 F
1393080 623281 0.0590528517027 1 F
1393080 774824 0.0 0 F
1393080 832167 0.0 0 F
1393080 860517 0.0612486471861 4 F
1393080 937760 0.0 0 F
1393080 1042288 0.0 0 F
1393080 1050482 0.0 0 F
1393080 1186246 0.0 0 F
1393080 1251703 0.0 0 F
1393080 1331630 0.0 0 F
1393080 1404965 0.0 0 F
1393080 1566976 0.0 0 F
1393080 1623905 0.0 0 F
1393080 1674309 0.0 0 F
1393080 1691820 0.0595124468056 4 F
1393080 2224542 0.0 0 F
2064825 35543 0.0 0 T
2064825 35543 0.0 0 T
2064825 152778 0.0 0 T
2064825 238190 0.0 0 T
2064825 250846 0.0 0 T
2064825 263518 0.0 0 T
2064825 307235 0.0 0 T
2064825 368190 0.0 0 T
2064825 429708 0.0 0 T
2064825 521897 0.0 0 T
2064825 556895 0.0815345125521 4 T
2064825 705068 0.0874059984191 4 T
2064825 792359 0.0829649341158 4 T
2064825 1063609 0.0 0 T
2064825 1381267 0.0 0 T
2064825 1418347 0.0 0 T
2064825 1600670 0.0 0 T
2064825 1809187 0.0806519545513 5 T
2064825 1919616 0.0 0 T
2064825 2023552 0.0 0 T
2064825 46 0.0 0 F
2064825 22281 0.0 0 F
2064825 25213 0.0 0 F
2064825 35543 0.0 0 T
2064825 51569 0.0 0 F
2064825 53947 0.0 0 F
2064825 63801 0.0 0 F
2064825 73872 0.0 0 F
2064825 84247 0.0 0 F
2064825 86027 0.0 0 F
2064825 93363 0.0 0 F
2064825 102426 0.0 0 F
2064825 114096 0.0837156196653 3 F
2064825 119038 0.0 0 F
2064825 124087 0.102596262349 5 F
2064825 135388 0.0 0 F
2064825 138700 0.0 0 F
2064825 153242 0.0 0 F
2064825 166629 0.0 0 F
2064825 177558 0.0 0 F
2064825 180069 0.0 0 F
2064825 193147 0.0 0 F
2064825 208685 0.0 0 F
2064825 216368 0.0 0 F
2064825 223733 0.0 0 F
2064825 245957 0.0 0 F
2064825 259664 0.0 0 F
2064825 261709 0.0 0 F
2064825 263624 0.0 0 F
2064825 272509 0.0 0 F
2064825 272801 0.0 0 F
2064825 280095 0.0 0 F
2064825 281280 0.0 0 F
2064825 294835 0.0 0 F
2064825 312559 0.0 0 F
2064825 322178 0.0926605643816 4 F
2064825 324825 0.0878770063061 4 F
2064825 329015 0.0 0 F
2064825 334135 0.0767936325518 3 F
2064825 339148 0.0 0 F
2064825 341611 0.0883111677784 2 F
2064825 348084 0.0 0 F
2064825 355177 0.0 0 F
2064825 381691 0.102257769438 6 F
2064825 401682 0.0686363003131 2 F
2064825 405854 0.0 0 F
2064825 413824 0.0 0 F
2064825 416657 0.0 0 F
2064825 420678 0.0 0 F
2064825 427057 0.0 0 F
2064825 433203 0.0 0 F
2064825 470281 0.0 0 F
2064825 481418 0.0886445279881 7 F
2064825 491102 0.0932054226148 5 F
2064825 493634 0.0 0 F
2064825 501711 0.0 0 F
2064825 503221 0.0 0 F
2064825 509125 0.086046513887 8 F
2064825 515758 0.0 0 F
2064825 518292 0.0 0 F
2064825 530261 0.0 0 F
2064825 532421 0.0832134670432 5 F
2064825 564297 0.0 0 F
2064825 582018 0.0 0 F
2064825 609654 0.0 0 F
2064825 641743 0.0 0 F
2064825 647543 0.101948258048 5 F
2064825 667332 0.0 0 F
2064825 678612 0.0 0 F
2064825 689921 0.0 0 F
2064825 693139 0.0 0 F
2064825 716453 0.0 0 F
2064825 720179 0.0 0 F
2064825 756915 0.0 0 F
2064825 765066 0.0 0 F
2064825 770864 0.0769001894759 3 F
2064825 778367 0.0946232933462 5 F
2064825 786347 0.0 0 F
2064825 794950 0.0845590733812 2 F
2064825 796388 0.0 0 F
2064825 802870 0.0 0 F
2064825 807804 0.0 0 F
2064825 809279 0.0930607157483 5 F
2064825 830114 0.0 0 F
2064825 849579 0.108199396208 5 F
2064825 861237 0.0796011585091 5 F
2064825 878896 0.10332324089 4 F
2064825 882969 0.0 0 F
2064825 886658 0.0 0 F
2064825 892745 0.0 0 F
2064825 902273 0.0 0 F
2064825 904646 0.0 0 F
2064825 913512 0.0 0 F
2064825 929477 0.0 0 F
2064825 929796 0.0 0 F
2064825 932037 0.0 0 F
2064825 933289 0.0 0 F
2064825 935197 0.0793950889158 3 F
2064825 940241 0.0 0 F
2064825 968273 0.0 0 F
2064825 969783 0.0 0 F
2064825 981644 0.0 0 F
2064825 982573 0.0 0 F
2064825 987056 0.0862462800551 4 F
2064825 1020631 0.0883596263819 4 F
2064825 1048952 0.0 0 F
2064825 1086997 0.0 0 F
2064825 1099233 0.0 0 F
2064825 1100124 0.0 0 F
2064825 1115813 0.0 0 F
2064825 1133036 0.0 0 F
2064825 1140675 0.0904819166124 4 F
2064825 1150929 0.0 0 F
2064825 1159526 0.0 0 F
2064825 1185642 0.0 0 F
2064825 1187190 0.0774723429604 3 F
2064825 1189349 0.0 0 F
2064825 1189734 0.0 0 F
2064825 1194364 0.0 0 F
2064825 1197976 0.0 0 F
2064825 1203748 0.0975857997921 3 F
2064825 1237445 0.0 0 F
2064825 1237907 0.0 0 F
2064825 1246520 0.0 0 F
2064825 1265579 0.0 0 F
2064825 1288022 0.0 0 F
2064825 1302682 0.0 0 F
2064825 1317695 0.0 0 F
2064825 1325180 0.0 0 F
2064825 1327449 0.0 0 F
2064825 1346851 0.0 0 F
2064825 1375838 0.0 0 F
2064825 1378346 0.0634711303929 5 F
2064825 1380067 0.0837861389111 6 F
2064825 1381570 0.0 0 F
2064825 1393044 0.0 0 F
2064825 1407765 0.0 0 F
2064825 1411915 0.0 0 F
2064825 1414810 0.0 0 F
2064825 1425597 0.0882761375396 4 F
2064825 1429426 0.0 0 F
2064825 1435616 0.0 0 F
2064825 1470396 0.0 0 F
2064825 1474415 0.0875910506066 4 F
2064825 1488356 0.0 0 F
2064825 1500727 0.0 0 F
2064825 1509704 0.0 0 F
2064825 1510886 0.0 0 F
2064825 1513505 0.0 0 F
2064825 1524690 0.0 0 F
2064825 1528495 0.0 0 F
2064825 1535944 0.0789965770327 3 F
2064825 1538604 0.0899487391283 4 F
2064825 1539179 0.0 0 F
2064825 1552255 0.0846202647543 4 F
2064825 1557869 0.0845816360386 3 F
2064825 1560422 0.0 0 F
2064825 1574323 0.0 0 F
2064825 1576357 0.0 0 F
2064825 1578988 0.0 0 F
2064825 1588661 0.0 0 F
2064825 1597485 0.0905315675843 5 F
2064825 1601463 0.100615970273 5 F
2064825 1612629 0.0 0 F
2064825 1624996 0.0810055256388 4 F
2064825 1632783 0.0921663882204 7 F
2064825 1639365 0.0 0 F
2064825 1672995 0.0 0 F
2064825 1675185 0.0 0 F
2064825 1678526 0.0 0 F
2064825 1681273 0.0 0 F
2064825 1686781 0.0 0 F
2064825 1693805 0.0 0 F
2064825 1704742 0.0 0 F
2064825 1712528 0.0 0 F
2064825 1713133 0.0 0 F
2064825 1717691 0.0913014736837 5 F
2064825 1721021 0.0 0 F
2064825 1727820 0.0792301457201 4 F
2064825 1738101 0.0975606934887 5 F
2064825 1757409 0.0949673327004 6 F
2064825 1758220 0.101975967099 5 F
2064825 1777376 0.0 0 F
2064825 1784197 0.0 0 F
2064825 1798277 0.0913590382541 4 F
2064825 1806343 0.0 0 F
2064825 1821715 0.0667321657501 3 F
2064825 1841998 0.0831371258493 4 F
2064825 1859097 0.0747125001602 3 F
2064825 1868138 0.0823385820766 2 F
2064825 1870884 0.0 0 F
2064825 1877796 0.0 0 F
2064825 1886498 0.0958859093949 5 F
2064825 1899132 0.0 0 F
2064825 1904786 0.0803636666459 5 F
2064825 1908557 0.0993393564332 5 F
2064825 1914883 0.0 0 F
2064825 1917583 0.0 0 F
2064825 1923681 0.0 0 F
2064825 1940023 0.0921434056815 5 F
2064825 1959091 0.0 0 F
2064825 2000632 0.0 0 F
2064825 2016056 0.0927878494566 4 F
2064825 2020035 0.0 0 F
2064825 2026768 0.0 0 F
2064825 2027617 0.0 0 F
2064825 2034510 0.0 0 F
2064825 2046215 0.0926235900488 5 F
2064825 2052532 0.0988544752703 5 F
2064825 2060492 0.0936298188073 3 F
2064825 2123874 0.0 0 F
2064825 2140927 0.0 0 F
2064825 2151552 0.0 0 F
2064825 2162256 0.0 0 F
2064825 2173747 0.0 0 F
2064825 2175538 0.0 0 F
2064825 2227346 0.0 0 F
2064825 2227415 0.0 0 F
2064825 2238065 0.0 0 F
16826 152027 0.0 0 T
16826 159371 0.0 0 T
16826 277403 0.16733356676 5 T
16826 404005 0.192481203008 6 T
16826 436171 0.177694805195 6 T
16826 478414 0.0 0 T
16826 492567 0.0 0 T
16826 692126 0.167356150794 5 T
16826 709530 0.167352400889 7 T
16826 716848 0.203984055161 10 T
16826 811650 0.0 0 T
16826 919540 0.0 0 T
16826 995062 0.0 0 T
16826 1390284 0.200020242915 5 T
16826 1603190 0.0 0 T
16826 1812586 0.0 0 T
16826 1939268 0.147057871953 5 T
16826 1962967 0.134545038295 3 T
16826 1977626 0.0 0 T
16826 2191897 0.0 0 T
16826 641373 0.0 0 F
1573307 160251 0.0829460013671 5 T
1573307 471930 0.0 0 T
1573307 684910 0.0 0 T
1573307 1160528 0.0 0 T
1573307 1465499 0.0 0 T
1573307 1618925 0.0 0 T
1573307 2127094 0.0818181818182 3 T
1573307 205461 0.0 0 F
1573307 559626 0.0 0 F
1573307 573183 0.0 0 F
1573307 640647 0.0 0 F
1573307 860391 0.0 0 F
1573307 876042 0.074597207304 3 F
1573307 1620126 0.0734693877551 2 F
1573307 1701204 0.0 0 F
1687996 166692 0.0 0 T
1687996 433266 0.26490438932 4 T
1687996 802831 0.30914523058 8 T
1687996 816144 0.0 0 T
1687996 146584 0.193726273726 1 F
1687996 294514 0.0 0 F
1687996 372139 0.287129657356 6 F
1687996 406690 0.292380861548 3 F
1687996 524935 0.232012513884 3 F
1687996 526111 0.278040340507 4 F
1687996 551039 0.289290353327 3 F
1687996 575065 0.343731097978 5 F
1687996 1197530 0.289952632985 4 F
1687996 1349688 0.0 0 F
1687996 1670876 0.285326093102 10 F
1687996 1715575 0.312337095309 4 F
1687996 1799085 0.256449401775 2 F
1687996 1855340 0.278032122298 4 F
1687996 2015444 0.0 0 F
1687996 2150383 0.25987883032 4 F
1687996 2249133 0.291567653226 4 F
1122750 8314 0.0 0 T
1122750 11572 0.142235281638 5 T
1122750 77296 0.131829620689 3 T
1122750 175856 0.0 0 T
1122750 243999 0.0 0 T
1122750 260457 0.142512065599 4 T
1122750 335246 0.0 0 T
1122750 357414 0.0 0 T
1122750 429721 0.152217386328 6 T
1122750 483988 0.0 0 T
1122750 559369 0.133673670957 2 T
1122750 656733 0.136647284957 6 T
1122750 717755 0.0 0 T
1122750 790475 0.139508245967 3 T
1122750 805348 0.0 0 T
1122750 881217 0.0 0 T
1122750 927228 0.133762712967 5 T
1122750 1307070 0.129035240625 3 T
1122750 1316083 0.140421153248 4 T
1122750 1336365 0.15184375651 5 T
1122750 1474453 0.0 0 T
1122750 1480930 0.0 0 T
1122750 1535230 0.123560133467 3 T
1122750 1540255 0.134803205627 4 T
1122750 1607924 0.0 0 T
1122750 1665294 0.12484317699 3 T
1122750 1671218 0.141923803335 5 T
1122750 1677033 0.133185672305 3 T
1122750 1688174 0.133737257677 4 T
1122750 1711175 0.126322030553 4 T
1122750 1738866 0.0 0 T
1122750 1747488 0.0 0 T
1122750 1812356 0.0 0 T
1122750 1820142 0.152619218263 4 T
1122750 1822162 0.0 0 T
1122750 1843306 0.130306433737 3 T
1122750 1889430 0.0 0 T
1122750 1895672 0.0 0 T
1122750 1960855 0.0 0 T
1122750 1985697 0.152400944323 5 T
1122750 2033351 0.149547321359 4 T
1122750 2098391 0.130164389255 3 T
1122750 2153679 0.0 0 T
1122750 2235157 0.0 0 T
1122750 392 0.0 0 F
1122750 799 0.0 0 F
1122750 867 0.0 0 F
1122750 1175 0.0 0 F
1122750 1372 0.0 0 F
1122750 1983 0.0 0 F
1122750 2526 0.0 0 F
1122750 2548 0.0 0 F
1122750 2606 0.0 0 F
1122750 3646 0.0624662409482 1 F
1122750 3824 0.0 0 F
1122750 5167 0.0 0 F
1122750 7958 0.0 0 F
1122750 10695 0.0 0 F
1122750 11107 0.0 0 F
1122750 11153 0.111891235786 2 F
1122750 11987 0.0 0 F
1122750 12706 0.129062099774 4 F
1122750 13974 0.14225088252 4 F
1122750 14546 0.139461888222 5 F
1122750 15160 0.0 0 F
1122750 15674 0.0 0 F
1122750 15751 0.130542589643 3 F
1122750 15881 0.0 0 F
1122750 15916 0.0 0 F
1122750 17463 0.14669340431 5 F
1122750 17569 0.0 0 F
1122750 17838 0.0 0 F
1122750 18276 0.0 0 F
1122750 19429 0.0 0 F
1122750 21011 0.144823899061 3 F
1122750 21179 0.0 0 F
1122750 23848 0.0 0 F
1122750 27883 0.137521166193 3 F
1122750 28597 0.0 0 F
1122750 32473 0.155208341229 4 F
1122750 32560 0.152502105983 4 F
1122750 33067 0.0 0 F
1122750 35737 0.141863739108 3 F
1122750 35926 0.0 0 F
1122750 36269 0.13500764283 3 F
1122750 36331 0.147070019853 6 F
1122750 36333 0.128915198586 4 F
1122750 37083 0.0 0 F
1122750 37125 0.0 0 F
1122750 37212 0.14287689694 4 F
1122750 37416 0.129935011121 2 F
1122750 37615 0.0 0 F
1122750 37716 0.0 0 F
1122750 38374 0.117807519313 3 F
1122750 38841 0.135783157597 3 F
1122750 39221 0.146911088992 8 F
1122750 40667 0.151294207877 6 F
1122750 40876 0.0 0 F
1122750 43397 0.130291426851 2 F
1122750 43969 0.137592527627 3 F
1122750 45018 0.0 0 F
1122750 46247 0.136420149865 5 F
1122750 46450 0.0 0 F
1122750 47913 0.0 0 F
1122750 48036 0.0 0 F
1122750 48159 0.0 0 F
1122750 48869 0.0 0 F
1122750 51477 0.0 0 F
1122750 52377 0.143152248332 4 F
1122750 52690 0.106000888348 2 F
1122750 52716 0.0 0 F
1122750 54062 0.0 0 F
1122750 54175 0.0 0 F
1122750 54588 0.0 0 F
1122750 56384 0.0 0 F
1122750 57331 0.135203681643 4 F
1122750 58314 0.130526806037 3 F
1122750 60484 0.149089355389 5 F
1122750 60553 0.0 0 F
1122750 61523 0.130338231747 2 F
1122750 63239 0.134624393455 8 F
1122750 64508 0.0 0 F
1122750 65773 0.0 0 F
1122750 66502 0.137729304451 4 F
1122750 66635 0.0 0 F
1122750 69077 0.145864878121 5 F
1122750 69265 0.149576836038 5 F
1122750 69638 0.0 0 F
1122750 69875 0.0 0 F
1122750 73678 0.139955813762 4 F
1122750 74181 0.0 0 F
1122750 76404 0.0 0 F
1122750 76943 0.141742296371 5 F
1122750 78370 0.0 0 F
1122750 78440 0.0 0 F
1122750 79788 0.134993667232 4 F
1122750 80879 0.145315201171 5 F
1122750 81996 0.138922425398 10 F
1122750 82494 0.0 0 F
1122750 83618 0.0 0 F
1122750 83914 0.0 0 F
1122750 83920 0.135194915262 3 F
1122750 85328 0.104790658623 1 F
1122750 86306 0.0 0 F
1122750 86883 0.0 0 F
1122750 87931 0.0 0 F
1122750 89327 0.13499747618 3 F
1122750 89827 0.143327148427 4 F
1122750 91222 0.0 0 F
1122750 92133 0.0 0 F
1122750 92351 0.0 0 F
1122750 92443 0.0 0 F
1122750 93619 0.128699983183 4 F
1122750 94537 0.129917078169 5 F
1122750 95400 0.0 0 F
1122750 95956 0.149595488008 5 F
1122750 98753 0.0 0 F
1122750 98926 0.0 0 F
1122750 99264 0.0 0 F
1122750 99448 0.0 0 F
1122750 101890 0.161165476237 5 F
1122750 103320 0.150056661956 4 F
1122750 103424 0.0 0 F
1122750 104091 0.126823200507 3 F
1122750 104151 0.0 0 F
1122750 104705 0.153206048857 4 F
1122750 104814 0.131971976156 3 F
1122750 105525 0.0 0 F
1122750 105614 0.0 0 F
1122750 106529 0.127165254575 2 F
1122750 106764 0.140706312481 4 F
1122750 106784 0.0 0 F
1122750 106945 0.146550960503 6 F
1122750 107314 0.153539913983 4 F
1122750 110112 0.0 0 F
1122750 111044 0.0 0 F
1122750 111887 0.144935018128 6 F
1122750 114081 0.0 0 F
1122750 115454 0.15443724238 4 F
1122750 115778 0.0 0 F
1122750 116263 0.0 0 F
1122750 116682 0.0 0 F
1122750 118535 0.0 0 F
1122750 119198 0.0 0 F
1122750 119387 0.0 0 F
1122750 119397 0.0 0 F
1122750 120664 0.0 0 F
1122750 120710 0.0 0 F
1122750 120781 0.0 0 F
1122750 123085 0.0 0 F
1122750 123174 0.152825215437 5 F
1122750 123941 0.0 0 F
1122750 125640 0.0 0 F
1122750 126588 0.135617746803 4 F
1122750 127034 0.0 0 F
1122750 127226 0.0 0 F
1122750 127254 0.130419242775 3 F
1122750 127857 0.0 0 F
1122750 128629 0.120319952561 5 F
1122750 128901 0.0 0 F
1122750 130052 0.0 0 F
1122750 130154 0.144580918279 3 F
1122750 130169 0.0 0 F
1122750 130568 0.0 0 F
1122750 131315 0.144032113117 3 F
1122750 132448 0.158794203878 7 F
1122750 134642 0.112446805347 3 F
1122750 135015 0.143232431396 4 F
1122750 135438 0.138296556427 4 F
1122750 136389 0.0 0 F
1122750 136403 0.136534336007 4 F
1122750 136578 0.0 0 F
1122750 137139 0.0 0 F
1122750 137785 0.139005318448 3 F
1122750 137894 0.0 0 F
1122750 138113 0.150570270494 5 F
1122750 138927 0.0 0 F
1122750 139060 0.0 0 F
1122750 139305 0.0796884900473 1 F
1122750 139480 0.136654996633 3 F
1122750 139769 0.0 0 F
1122750 141177 0.0 0 F
1122750 143552 0.0 0 F
1122750 143734 0.0 0 F
1122750 144571 0.0 0 F
1122750 144947 0.136184865395 4 F
1122750 145563 0.140452762139 3 F
1122750 147794 0.130731222249 3 F
1122750 147808 0.0 0 F
1122750 150360 0.0 0 F
1122750 150439 0.15138631949 5 F
1122750 154338 0.0 0 F
1122750 154344 0.143331413636 4 F
1122750 154935 0.0 0 F
1122750 155776 0.0 0 F
1122750 156345 0.0 0 F
1122750 157093 0.131215427312 3 F
1122750 157615 0.142547046716 4 F
1122750 157891 0.112923996502 2 F
1122750 158667 0.144100981593 3 F
1122750 159353 0.109549940479 2 F
1122750 159709 0.151177020873 6 F
1122750 160454 0.0 0 F
1122750 160655 0.0 0 F
1122750 161846 0.138147817368 7 F
1122750 163912 0.0 0 F
1122750 164518 0.149529878581 4 F
1122750 165163 0.0 0 F
1122750 165824 0.0 0 F
1122750 168222 0.0 0 F
1122750 168664 0.148407334117 5 F
1122750 170177 0.145146011299 4 F
1122750 172456 0.148911189774 4 F
1122750 173530 0.0 0 F
1122750 173625 0.140235545659 4 F
1122750 175225 0.0 0 F
1122750 175661 0.0 0 F
1122750 177287 0.0 0 F
1122750 178087 0.0 0 F
1122750 178805 0.0 0 F
1122750 179228 0.0 0 F
1122750 180146 0.153941655053 4 F
1122750 180932 0.0 0 F
1122750 180943 0.145636078707 3 F
1122750 181096 0.0 0 F
1122750 181320 0.140303301091 5 F
1122750 183994 0.136701658273 5 F
1122750 184954 0.152876412484 5 F
1122750 185934 0.135438297602 4 F
1122750 186930 0.149400982479 4 F
1122750 187271 0.0 0 F
1122750 187360 0.145684086016 3 F
1122750 187591 0.112822240285 1 F
1122750 189857 0.131650796461 3 F
1122750 190247 0.139594212615 4 F
1122750 190769 0.0 0 F
1122750 190830 0.119339400377 2 F
1122750 191254 0.0 0 F
1122750 191709 0.142551126781 4 F
1122750 192176 0.128951367499 3 F
1122750 193023 0.0 0 F
1122750 194019 0.0 0 F
1122750 194712 0.151562441519 8 F
1122750 195210 0.0 1 F
1122750 195664 0.0 0 F
1122750 196237 0.0 0 F
1122750 199383 0.128971845909 2 F
1122750 200327 0.0 0 F
1122750 200972 0.138789556477 3 F
1122750 202071 0.0 0 F
1122750 202262 0.0 0 F
1122750 203639 0.0 0 F
1122750 203650 0.0 0 F
1122750 204254 0.0 0 F
1122750 205350 0.138499073974 5 F
1122750 209782 0.0 0 F
1122750 210818 0.135172774931 5 F
1122750 210888 0.0 0 F
1122750 212090 0.0 0 F
1122750 212780 0.0 0 F
1122750 213894 0.0 0 F
1122750 216532 0.148117439146 5 F
1122750 218857 0.14470998448 8 F
1122750 219248 0.0 0 F
1122750 219307 0.0 0 F
1122750 219436 0.0 0 F
1122750 219512 0.0 0 F
1122750 219877 0.0 0 F
1122750 220537 0.0 0 F
1122750 220820 0.0 0 F
1122750 221003 0.0 0 F
1122750 221350 0.0 0 F
1122750 221488 0.0 0 F
1122750 221514 0.0 0 F
1122750 221576 0.140214978969 3 F
1122750 222618 0.0 0 F
1122750 222964 0.113806486564 3 F
1122750 223319 0.0 0 F
1122750 224131 0.150752340381 4 F
1122750 224707 0.0 0 F
1122750 225037 0.0 0 F
1122750 225776 0.0 0 F
1122750 226421 0.144202528625 7 F
1122750 226734 0.0 0 F
1122750 227509 0.147566721122 5 F
1122750 227619 0.0 0 F
1122750 229444 0.0 6 F
1122750 229795 0.0 0 F
1122750 230830 0.0 0 F
1122750 231222 0.0 0 F
1122750 233161 0.12635815665 3 F
1122750 233172 0.0 0 F
1122750 235257 0.0 0 F
1122750 235364 0.0 0 F
1122750 235495 0.141607428285 5 F
1122750 236283 0.0 0 F
1122750 236417 0.0 0 F
1122750 241736 0.0 0 F
1122750 241897 0.0 0 F
1122750 242024 0.142499713384 6 F
1122750 243136 0.0 0 F
1122750 243165 0.132223525292 5 F
1122750 243651 0.0467636995207 2 F
1122750 244492 0.0 0 F
1122750 244911 0.154303340598 4 F
1122750 245524 0.0 0 F
1122750 245730 0.0 0 F
1122750 246049 0.151711653313 5 F
1122750 246712 0.0 0 F
1122750 247107 0.0 0 F
1122750 247392 0.0 0 F
1122750 247560 0.0 0 F
1122750 247580 0.150269324814 5 F
1122750 247850 0.0 0 F
1122750 248343 0.0 0 F
1122750 248674 0.0 0 F
1122750 249140 0.0 0 F
1122750 249197 0.0 0 F
1122750 250753 0.0 0 F
1122750 252658 0.0 0 F
1122750 252756 0.0892424397471 2 F
1122750 252813 0.0 0 F
1122750 253375 0.0 0 F
1122750 256117 0.0 0 F
1122750 257377 0.127049892642 2 F
1122750 258336 0.0 0 F
1122750 260478 0.0 0 F
1122750 261089 0.0 0 F
1122750 262498 0.129488553227 1 F
1122750 263258 0.15122862895 5 F
1122750 263730 0.0 0 F
1122750 264092 0.0 0 F
1122750 264337 0.12993547737 5 F
1122750 265106 0.127049892642 2 F
1122750 267479 0.128478930537 3 F
1122750 268773 0.130756461777 3 F
1122750 268995 0.138400394536 4 F
1122750 269890 0.135793525955 4 F
1122750 270520 0.0 0 F
1122750 271035 0.128042738814 3 F
1122750 271500 0.0 0 F
1122750 272131 0.0 0 F
1122750 273386 0.0 0 F
1122750 273665 0.0 0 F
1122750 273862 0.0 0 F
1122750 273915 0.0 0 F
1122750 274154 0.131480701375 7 F
1122750 275105 0.131463455572 3 F
1122750 275942 0.0 0 F
1122750 275996 0.139143687608 5 F
1122750 276690 0.146615430537 5 F
1122750 278046 0.1387397963 5 F
1122750 279084 0.140398715449 6 F
1122750 279496 0.0 0 F
1122750 280124 0.136517108221 3 F
1122750 280938 0.0 0 F
1122750 281552 0.0 0 F
1122750 281983 0.130560399128 6 F
1122750 282474 0.141400674928 3 F
1122750 283975 0.0 0 F
1122750 284658 0.0 0 F
1122750 285331 0.0 0 F
1122750 285420 0.0 0 F
1122750 286809 0.0 0 F
1122750 287210 0.134394115539 5 F
1122750 287996 0.157688294 9 F
1122750 288609 0.11988304188 1 F
1122750 289422 0.0 0 F
1122750 290373 0.0 0 F
1122750 290821 0.156518800499 5 F
1122750 291525 0.13446761591 3 F
1122750 292435 0.132503880033 5 F
1122750 292464 0.0 0 F
1122750 292679 0.129986469365 3 F
1122750 292877 0.0 0 F
1122750 293455 0.0 0 F
1122750 293641 0.125000170239 3 F
1122750 294160 0.0 0 F
1122750 294371 0.0 0 F
1122750 294380 0.148454775346 5 F
1122750 294850 0.129247222302 3 F
1122750 295114 0.0 0 F
1122750 295903 0.0 0 F
1122750 296545 0.0 0 F
1122750 296629 0.132897560207 4 F
1122750 296929 0.0 0 F
1122750 298534 0.0 0 F
1122750 299487 0.146759554246 5 F
1122750 299687 0.147998885398 4 F
1122750 299820 0.0 0 F
1122750 299836 0.0 0 F
1122750 300519 0.0 0 F
1122750 300856 0.127783958756 3 F
1122750 301248 0.0 0 F
1122750 304413 0.0 0 F
1122750 304666 0.0 0 F
1122750 305432 0.0 0 F
1122750 305944 0.14606690122 4 F
1122750 307185 0.0 0 F
1122750 308410 0.0 0 F
1122750 308596 0.146601134205 7 F
1122750 309202 0.0 0 F
1122750 312306 0.139801969242 5 F
1122750 312309 0.0 0 F
1122750 312483 0.0 0 F
1122750 312809 0.0 0 F
1122750 312838 0.0 0 F
1122750 313020 0.141285204668 5 F
1122750 313460 0.0433678943044 5 F
1122750 314089 0.0 0 F
1122750 314097 0.121365776094 4 F
1122750 314279 0.106000888348 2 F
1122750 315073 0.136025659315 3 F
1122750 316486 0.138330778453 4 F
1122750 318141 0.0 0 F
1122750 320309 0.154802147939 6 F
1122750 320857 0.145296598037 4 F
1122750 321137 0.128211243665 3 F
1122750 321139 0.151855744813 4 F
1122750 321760 0.0 0 F
1122750 322439 0.0 0 F
1122750 322618 0.0 0 F
1122750 323078 0.0 0 F
1122750 323560 0.0 0 F
1122750 324090 0.0 0 F
1122750 324365 0.149227307939 4 F
1122750 324520 0.1485351395 4 F
1122750 324561 0.147888519518 3 F
1122750 324744 0.0 0 F
1122750 325027 0.121663275102 4 F
1122750 325045 0.0 0 F
1122750 325072 0.0 0 F
1122750 325503 0.0 0 F
1122750 325774 0.154180534925 4 F
1122750 328220 0.136678309681 4 F
1122750 329048 0.0 0 F
1122750 330798 0.0 0 F
1122750 332172 0.0 0 F
1122750 332406 0.0 0 F
1122750 334159 0.0 0 F
1122750 334830 0.140345323182 4 F
1122750 338514 0.0 0 F
1122750 338631 0.13115032905 4 F
1122750 338669 0.0 0 F
1122750 338914 0.0 0 F
1122750 339601 0.0 0 F
1122750 340699 0.0 0 F
1122750 340756 0.1479201609 3 F
1122750 341410 0.0 0 F
1122750 341958 0.151485311557 5 F
1122750 343599 0.129023750572 3 F
1122750 343745 0.137607907649 6 F
1122750 343861 0.141146075638 5 F
1122750 344100 0.0 0 F
1122750 344346 0.148102003405 7 F
1122750 345598 0.0 0 F
1122750 346004 0.0 0 F
1122750 348131 0.0 0 F
1122750 348531 0.0 0 F
1122750 348665 0.0 0 F
1122750 348780 0.143706270469 4 F
1122750 350089 0.141872072201 5 F
1122750 350133 0.0 0 F
1122750 350311 0.118135773488 4 F
1122750 352141 0.0 0 F
1122750 352390 0.0 0 F
1122750 352600 0.148137190077 5 F
1122750 353747 0.0 0 F
1122750 353801 0.0 0 F
1122750 354529 0.136156708311 3 F
1122750 354664 0.148641785706 5 F
1122750 355420 0.0 0 F
1122750 355477 0.153718550006 3 F
1122750 356535 0.13745979874 4 F
1122750 356872 0.0 0 F
1122750 357337 0.0 0 F
1122750 357784 0.0 0 F
1122750 357888 0.137152561714 2 F
1122750 359070 0.0 0 F
1122750 360992 0.0 0 F
1122750 362237 0.132083311912 4 F
1122750 362778 0.0 0 F
1122750 363586 0.149429390303 4 F
1122750 363757 0.0 0 F
1122750 364643 0.140795882381 5 F
1122750 364821 0.0 0 F
1122750 365149 0.0 0 F
1122750 365534 0.0 0 F
1122750 365548 0.150880294383 5 F
1122750 365574 0.137167113672 5 F
1122750 365855 0.0 0 F
1122750 365910 0.138727200928 5 F
1122750 366193 0.136950742692 4 F
1122750 367426 0.0 0 F
1122750 368353 0.139279623909 3 F
1122750 370461 0.0 0 F
1122750 371028 0.0 0 F
1122750 371033 0.0 0 F
1122750 372051 0.137925136122 4 F
1122750 372121 0.0 0 F
1122750 374292 0.138916624604 4 F
1122750 375742 0.142811214631 4 F
1122750 376123 0.141770865853 4 F
1122750 376545 0.12689338621 3 F
1122750 377308 0.0 0 F
1122750 378149 0.0 0 F
1122750 378695 0.0 0 F
1122750 381048 0.0 0 F
1122750 381630 0.0 0 F
1122750 383354 0.0 0 F
1122750 383438 0.0 0 F
1122750 383892 0.14347966899 4 F
1122750 384619 0.132282458063 5 F
1122750 384889 0.0 0 F
1122750 385611 0.0 0 F
1122750 386655 0.0 0 F
1122750 386880 0.0 0 F
1122750 386916 0.148060034683 6 F
1122750 387481 0.130172139523 3 F
1122750 388007 0.0 0 F
1122750 388140 0.14062650847 3 F
1122750 388185 0.117832234712 5 F
1122750 388573 0.0 0 F
1122750 390030 0.0 0 F
1122750 390837 0.152941161428 7 F
1122750 391743 0.146526431002 5 F
1122750 392483 0.0 0 F
1122750 392798 0.129246294545 3 F
1122750 393749 0.0 0 F
1122750 395844 0.0 0 F
1122750 395985 0.0 0 F
1122750 396366 0.144697644108 4 F
1122750 398115 0.133356576254 3 F
1122750 398207 0.135842788342 7 F
1122750 399755 0.0 0 F
1122750 401641 0.156097443795 7 F
1122750 401786 0.0 0 F
1122750 401884 0.0 0 F
1122750 402396 0.0 0 F
1122750 403349 0.0 0 F
1122750 403756 0.0 0 F
1122750 405119 0.0 0 F
1122750 405738 0.0 0 F
1122750 406331 0.0 0 F
1122750 406476 0.0 0 F
1122750 409882 0.0 0 F
1122750 409970 0.121990010317 5 F
1122750 411363 0.0 0 F
1122750 412408 0.131959805472 3 F
1122750 412414 0.0 0 F
1122750 414743 0.0 0 F
1122750 416542 0.148560454428 4 F
1122750 417480 0.0 0 F
1122750 418328 0.0 0 F
1122750 419075 0.138988650671 3 F
1122750 419836 0.152164115015 5 F
1122750 419903 0.0 0 F
1122750 420314 0.0 0 F
1122750 421904 0.0 0 F
1122750 422325 0.0 0 F
1122750 423991 0.133299707948 4 F
1122750 424579 0.153539913983 4 F
1122750 425164 0.0 0 F
1122750 425421 0.0 0 F
1122750 425758 0.137149266715 4 F
1122750 425986 0.0 0 F
1122750 427339 0.128517679629 2 F
1122750 428738 0.135614669321 4 F
1122750 428956 0.0 0 F
1122750 429610 0.132832026675 3 F
1122750 429721 0.152217386328 6 T
1122750 430222 0.135058543796 5 F
1122750 430782 0.0 0 F
1122750 430881 0.0 0 F
1122750 431333 0.0 0 F
1122750 431444 0.0 0 F
1122750 431447 0.0 0 F
1122750 432300 0.0 0 F
1122750 432863 0.0 0 F
1122750 432965 0.0 0 F
1122750 432980 0.0 0 F
1122750 432982 0.0 0 F
1122750 433843 0.148992552268 8 F
1122750 435465 0.149413191381 4 F
1122750 437240 0.0 0 F
1122750 437249 0.130721889802 5 F
1122750 438105 0.0 0 F
1122750 438582 0.0 0 F
1122750 438663 0.146802966361 3 F
1122750 438762 0.0 0 F
1122750 439363 0.0 0 F
1122750 440987 0.0 0 F
1122750 441774 0.0 0 F
1122750 442072 0.130452041983 6 F
1122750 442964 0.0 0 F
1122750 443177 0.0 0 F
1122750 443790 0.0 0 F
1122750 444991 0.13989506717 4 F
1122750 445780 0.0 0 F
1122750 446998 0.153840650437 5 F
1122750 447547 0.1479295837 4 F
1122750 447909 0.137484077451 5 F
1122750 448182 0.140173958348 4 F
1122750 449057 0.0 0 F
1122750 451261 0.144473100482 4 F
1122750 452207 0.0 0 F
1122750 452394 0.0 1 F
1122750 452531 0.0 0 F
1122750 453772 0.0 0 F
1122750 455076 0.14441825774 4 F
1122750 456165 0.0 0 F
1122750 457063 0.118873945849 3 F
1122750 457461 0.0 0 F
1122750 457534 0.0 0 F
1122750 457705 0.0 0 F
1122750 457950 0.0 0 F
1122750 458798 0.0 0 F
1122750 460313 0.0 0 F
1122750 461168 0.0 0 F
1122750 462792 0.153262210031 5 F
1122750 463018 0.0 0 F
1122750 466718 0.135415574827 4 F
1122750 467113 0.114985959256 1 F
1122750 467142 0.0 0 F
1122750 467890 0.0 0 F
1122750 468150 0.0 0 F
1122750 469270 0.130097163442 4 F
1122750 469979 0.0 0 F
1122750 469997 0.0 0 F
1122750 470457 0.0 0 F
1122750 471890 0.146216806249 10 F
1122750 472607 0.0 0 F
1122750 472791 0.0 0 F
1122750 473177 0.0 0 F
1122750 473629 0.0 0 F
1122750 473996 0.145986567199 5 F
1122750 475980 0.0 0 F
1122750 477434 0.0 0 F
1122750 477560 0.0 0 F
1122750 479220 0.0 0 F
1122750 479410 0.0 0 F
1122750 480319 0.0 0 F
1122750 480718 0.140128695293 4 F
1122750 480972 0.137595221708 4 F
1122750 481115 0.131198900878 3 F
1122750 481164 0.0 0 F
1122750 481693 0.122587059087 5 F
1122750 481845 0.136038383689 3 F
1122750 482003 0.13474668807 5 F
1122750 482315 0.13528028734 3 F
1122750 483118 0.135915174802 5 F
1122750 484040 0.137714515562 3 F
1122750 484448 0.149725823737 6 F
1122750 484482 0.0 0 F
1122750 484599 0.143441815484 6 F
1122750 484803 0.0 0 F
1122750 486606 0.129499626133 6 F
1122750 486994 0.0 0 F
1122750 487920 0.0 0 F
1122750 489484 0.0 0 F
1122750 491426 0.126402952868 3 F
1122750 492127 0.0 0 F
1122750 493304 0.0 0 F
1122750 494294 0.0 0 F
1122750 494411 0.0 0 F
1122750 496381 0.0 0 F
1122750 496534 0.112079488098 2 F
1122750 496732 0.0 0 F
1122750 499448 0.0 0 F
1122750 500220 0.0 0 F
1122750 500496 0.0 0 F
1122750 501658 0.138997639273 6 F
1122750 505281 0.0 0 F
1122750 505850 0.0 0 F
1122750 506323 0.0 0 F
1122750 509018 0.140963291632 5 F
1122750 511093 0.0 0 F
1122750 516227 0.163609461641 5 F
1122750 517529 0.140641106477 4 F
1122750 519092 0.0 0 F
1122750 519567 0.13472088779 2 F
1122750 520548 0.130705541211 3 F
1122750 521200 0.0 0 F
1122750 521476 0.0 0 F
1122750 522436 0.0 0 F
1122750 522595 0.0 0 F
1122750 522719 0.0 0 F
1122750 523025 0.122508707697 5 F
1122750 523591 0.138596414352 3 F
1122750 524325 0.0 0 F
1122750 524340 0.126282115259 2 F
1122750 524550 0.0 0 F
1122750 525109 0.0 0 F
1122750 525245 0.0 0 F
1122750 526315 0.133576831538 5 F
1122750 526446 0.13410038383 3 F
1122750 527054 0.125579518286 3 F
1122750 527127 0.0 0 F
1122750 527400 0.15453078197 7 F
1122750 528464 0.0 0 F
1122750 528838 0.134782686481 3 F
1122750 530059 0.130203556389 3 F
1122750 530063 0.0 0 F
1122750 530066 0.0 0 F
1122750 530537 0.0 0 F
1122750 530551 0.0 0 F
1122750 530604 0.0 0 F
1122750 531026 0.147338481124 4 F
1122750 531112 0.0 0 F
1122750 531606 0.0 0 F
1122750 532040 0.0 0 F
1122750 533245 0.145537642195 7 F
1122750 533581 0.126268361027 5 F
1122750 534054 0.144120902358 5 F
1122750 534081 0.130720821763 5 F
1122750 534806 0.0 0 F
1122750 534931 0.0 0 F
1122750 538051 0.0 0 F
1122750 538150 0.15504351051 5 F
1122750 539221 0.136587553581 4 F
1122750 540724 0.0 0 F
1122750 544728 0.0 0 F
1122750 545136 0.0 0 F
1122750 545936 0.144007735626 3 F
1122750 546281 0.0 0 F
1122750 546811 0.0 0 F
1122750 547266 0.0 0 F
1122750 547312 0.145027527546 4 F
1122750 547567 0.0 0 F
1122750 548884 0.0 0 F
1122750 549024 0.0 0 F
1122750 549135 0.133000281189 4 F
1122750 549436 0.0 0 F
1122750 549443 0.160283101125 8 F
1122750 551167 0.137553611945 10 F
1122750 552013 0.0 0 F
1122750 553621 0.148162129325 4 F
1122750 553754 0.0 0 F
1122750 554315 0.0 0 F
1122750 554699 0.0 0 F
1122750 556065 0.140381255318 6 F
1122750 556677 0.119242848621 7 F
1122750 558308 0.0 0 F
1122750 558467 0.130172525952 3 F
1122750 560478 0.0 0 F
1122750 560522 0.0 0 F
1122750 561220 0.0 0 F
1122750 561479 0.0 0 F
1122750 562676 0.0 0 F
1122750 564308 0.0 0 F
1122750 564528 0.0 0 F
1122750 564768 0.0 0 F
1122750 565039 0.0 0 F
1122750 566324 0.123459673274 3 F
1122750 566448 0.0 0 F
1122750 566850 0.0 0 F
1122750 566870 0.14478908431 4 F
1122750 567587 0.0 0 F
1122750 567773 0.118156505522 6 F
1122750 568464 0.0 0 F
1122750 569717 0.127242657334 5 F
1122750 570029 0.0 0 F
1122750 570916 0.152766214959 3 F
1122750 571026 0.0 0 F
1122750 572493 0.0 0 F
1122750 572781 0.100131876579 1 F
1122750 573444 0.0 0 F
1122750 573496 0.136026782632 4 F
1122750 574914 0.152355848227 4 F
1122750 577984 0.14405269759 3 F
1122750 579205 0.0 0 F
1122750 580461 0.137787960686 4 F
1122750 584425 0.0 0 F
1122750 584580 0.0 0 F
1122750 584761 0.0 0 F
1122750 585433 0.0 0 F
1122750 586203 0.131737551158 3 F
1122750 587771 0.0 0 F
1122750 588511 0.0 0 F
1122750 589010 0.0 0 F
1122750 590906 0.0 0 F
1122750 595082 0.0 0 F
1122750 595926 0.0 0 F
1122750 595964 0.0 0 F
1122750 596069 0.145627376653 4 F
1122750 596602 0.141517749826 4 F
1122750 597566 0.109852362241 2 F
1122750 598328 0.0 0 F
1122750 599168 0.141960666497 2 F
1122750 601652 0.0 0 F
1122750 602879 0.134276326709 4 F
1122750 603843 0.0 0 F
1122750 604278 0.0 0 F
1122750 604402 0.0 0 F
1122750 605143 0.156141000367 5 F
1122750 605362 0.137595379114 4 F
1122750 605526 0.127170287134 4 F
1122750 605616 0.0 0 F
1122750 605675 0.0 0 F
1122750 606588 0.142758551676 5 F
1122750 606728 0.0 0 F
1122750 607559 0.0 0 F
1122750 607661 0.0 0 F
1122750 608849 0.153046326376 4 F
1122750 609549 0.0 0 F
1122750 609584 0.140086771706 4 F
1122750 609618 0.140511454582 4 F
1122750 611433 0.138159705452 6 F
1122750 612993 0.0 0 F
1122750 613245 0.0 0 F
1122750 614225 0.0 0 F
1122750 614896 0.0 0 F
1122750 614994 0.14198939696 3 F
1122750 616588 0.0 0 F
1122750 617781 0.0 0 F
1122750 617883 0.0 0 F
1122750 618187 0.12622637031 4 F
1122750 618201 0.0 0 F
1122750 620733 0.129229998612 1 F
1122750 620737 0.0 0 F
1122750 622167 0.0 0 F
1122750 622792 0.0 0 F
1122750 623267 0.0 0 F
1122750 623811 0.146841973427 8 F
1122750 623818 0.0 0 F
1122750 626230 0.11871865409 2 F
1122750 626503 0.153539913983 4 F
1122750 627938 0.164885015446 7 F
1122750 628056 0.0 0 F
1122750 628396 0.0 0 F
1122750 629236 0.0 0 F
1122750 630457 0.129000176971 5 F
1122750 630588 0.156992575691 4 F
1122750 631053 0.0 0 F
1122750 632024 0.151747543974 7 F
1122750 632476 0.147631331753 6 F
1122750 633749 0.0 0 F
1122750 634117 0.0 0 F
1122750 634499 0.146235865843 4 F
1122750 635023 0.0 0 F
1122750 635781 0.0 0 F
1122750 636589 0.139624733079 4 F
1122750 637194 0.128118557421 4 F
1122750 638179 0.0 0 F
1122750 638562 0.138817578645 4 F
1122750 639867 0.0 0 F
1122750 640471 0.0 0 F
1122750 640501 0.0 0 F
1122750 641246 0.0 0 F
1122750 643306 0.0 0 F
1122750 644625 0.0 0 F
1122750 645063 0.0 0 F
1122750 645813 0.103049690863 1 F
1122750 646163 0.0 0 F
1122750 646660 0.0 0 F
1122750 647831 0.111231720396 3 F
1122750 650862 0.158458379532 10 F
1122750 653719 0.0 0 F
1122750 653778 0.142111488155 4 F
1122750 654917 0.0 0 F
1122750 655715 0.0 0 F
1122750 656456 0.0 0 F
1122750 657242 0.130542589643 3 F
1122750 658879 0.150851965919 6 F
1122750 659453 0.141041780429 5 F
1122750 660846 0.0 0 F
1122750 661616 0.0 0 F
1122750 662250 0.0 0 F
1122750 663211 0.0 0 F
1122750 663732 0.0 0 F
1122750 663824 0.0 0 F
1122750 664971 0.0 0 F
1122750 665592 0.135598847898 3 F
1122750 666248 0.0 0 F
1122750 667973 0.0 0 F
1122750 670363 0.0 0 F
1122750 670614 0.0 0 F
1122750 672015 0.0 0 F
1122750 673043 0.145799283355 4 F
1122750 673090 0.0 0 F
1122750 673694 0.0 0 F
1122750 673758 0.0 0 F
1122750 675113 0.0 0 F
1122750 677104 0.131439588574 4 F
1122750 677574 0.0 0 F
1122750 678617 0.126520923819 5 F
1122750 680205 0.0 0 F
1122750 681224 0.0 0 F
1122750 681244 0.134003265406 4 F
1122750 681903 0.128729933686 1 F
1122750 681909 0.147541546834 5 F
1122750 681998 0.0 0 F
1122750 684258 0.120148751138 5 F
1122750 687168 0.143920064002 5 F
1122750 687985 0.140026042722 6 F
1122750 689504 0.0 0 F
1122750 691050 0.0 0 F
1122750 691414 0.0 0 F
1122750 691515 0.0 0 F
1122750 691734 0.133278959567 4 F
1122750 692724 0.0 0 F
1122750 694660 0.140479050834 5 F
1122750 695469 0.0 0 F
1122750 696922 0.147152903239 5 F
1122750 697058 0.0 0 F
1122750 697834 0.136605166814 4 F
1122750 697863 0.149268410018 4 F
1122750 698950 0.0 0 F
1122750 699812 0.0 0 F
1122750 700279 0.124706335773 2 F
1122750 700377 0.0 0 F
1122750 701238 0.0 0 F
1122750 701374 0.124351820222 2 F
1122750 702636 0.0 0 F
1122750 702972 0.15317038023 5 F
1122750 703863 0.141352478807 5 F
1122750 706575 0.130793826089 3 F
1122750 706614 0.135346383749 4 F
1122750 707951 0.130542589643 3 F
1122750 710327 0.0 0 F
1122750 711923 0.139092114149 3 F
1122750 712734 0.0 0 F
1122750 713136 0.137475789812 5 F
1122750 713787 0.0 0 F
1122750 713939 0.120179704927 2 F
1122750 715224 0.130419242775 3 F
1122750 715487 0.129308336765 4 F
1122750 715940 0.0 0 F
1122750 715961 0.0 0 F
1122750 716598 0.0 0 F
1122750 717018 0.13197497957 5 F
1122750 717176 0.118436485772 6 F
1122750 717920 0.0 0 F
1122750 718874 0.121741351226 6 F
1122750 719314 0.0 0 F
1122750 720238 0.0327663801863 3 F
1122750 720935 0.133082464879 7 F
1122750 721242 0.103944093653 3 F
1122750 723586 0.138745916512 3 F
1122750 724730 0.127529685819 5 F
1122750 726280 0.0 0 F
1122750 727641 0.0 0 F
1122750 728415 0.144145018522 5 F
1122750 728968 0.147967502152 5 F
1122750 729386 0.0 0 F
1122750 729811 0.135172774931 5 F
1122750 730603 0.0 0 F
1122750 730728 0.138845112799 3 F
1122750 731071 0.133455008979 3 F
1122750 731565 0.0 0 F
1122750 731653 0.136269601807 5 F
1122750 731716 0.141244848328 6 F
1122750 733527 0.137092094003 5 F
1122750 733546 0.0 0 F
1122750 733620 0.129164986527 5 F
1122750 733623 0.127495414481 6 F
1122750 733739 0.0 0 F
1122750 734900 0.0 0 F
1122750 735170 0.145763006769 6 F
1122750 735369 0.0 0 F
1122750 735965 0.0 0 F
1122750 736044 0.0 0 F
1122750 737240 0.132048659678 3 F
1122750 737370 0.122034680168 3 F
1122750 738732 0.0 0 F
1122750 739329 0.132384457964 4 F
1122750 741324 0.136427397042 4 F
1122750 741491 0.0372812323484 3 F
1122750 741652 0.0 0 F
1122750 743291 0.13502395675 5 F
1122750 743474 0.154814803244 5 F
1122750 743516 0.0 0 F
1122750 743617 0.0 0 F
1122750 745041 0.0 0 F
1122750 745114 0.0 0 F
1122750 746673 0.14402409047 4 F
1122750 747876 0.0 0 F
1122750 747980 0.0 0 F
1122750 748039 0.0 0 F
1122750 749853 0.0 0 F
1122750 750881 0.141128329915 4 F
1122750 751325 0.155671950149 8 F
1122750 751908 0.139549847223 3 F
1122750 752504 0.128514368093 4 F
1122750 753001 0.0 0 F
1122750 754171 0.0 0 F
1122750 754465 0.0 0 F
1122750 754615 0.0 0 F
1122750 755073 0.129736336751 4 F
1122750 755958 0.0 0 F
1122750 756821 0.0 0 F
1122750 757212 0.0 0 F
1122750 758297 0.0 0 F
1122750 760629 0.0 0 F
1122750 761274 0.120786892396 4 F
1122750 762542 0.147128818214 5 F
1122750 766104 0.0 0 F
1122750 766993 0.0 0 F
1122750 767417 0.0 0 F
1122750 770106 0.0 0 F
1122750 770959 0.154081952121 6 F
1122750 771945 0.118873945849 3 F
1122750 774194 0.146145723857 5 F
1122750 774985 0.0 0 F
1122750 775761 0.0327663801863 3 F
1122750 777200 0.0 0 F
1122750 777237 0.0 0 F
1122750 777420 0.0 0 F
1122750 777653 0.0 0 F
1122750 777938 0.0 0 F
1122750 777960 0.133173643218 3 F
1122750 778928 0.124051780631 5 F
1122750 779612 0.0 0 F
1122750 780395 0.132439223968 3 F
1122750 780606 0.132179024342 4 F
1122750 780912 0.0 0 F
1122750 781773 0.0 0 F
1122750 782863 0.0 0 F
1122750 785976 0.143255721442 6 F
1122750 786673 0.148168392679 4 F
1122750 786692 0.0 0 F
1122750 787204 0.0 0 F
1122750 787504 0.0 0 F
1122750 788829 0.0 0 F
1122750 789225 0.149330847147 5 F
1122750 789842 0.154176603148 5 F
1122750 790089 0.150087689914 6 F
1122750 790625 0.136130938391 4 F
1122750 792047 0.150501754854 5 F
1122750 795722 0.15453835602 5 F
1122750 796211 0.0 0 F
1122750 796410 0.14032627771 4 F
1122750 796451 0.0 0 F
1122750 799144 0.0 0 F
1122750 800143 0.15208302489 5 F
1122750 800221 0.15025712874 4 F
1122750 800340 0.0 0 F
1122750 801494 0.0 0 F
1122750 803285 0.0 0 F
1122750 803529 0.0 0 F
1122750 804055 0.0 0 F
1122750 805476 0.0 0 F
1122750 808342 0.0 0 F
1122750 809025 0.0 0 F
1122750 809213 0.149722973516 6 F
1122750 809254 0.0 0 F
1122750 809397 0.0 0 F
1122750 810031 0.136739260485 3 F
1122750 811154 0.0 0 F
1122750 811691 0.0 0 F
1122750 812376 0.14989133535 4 F
1122750 814259 0.0 0 F
1122750 814333 0.0 0 F
1122750 815337 0.0 0 F
1122750 815386 0.115275524238 3 F
1122750 816194 0.0 0 F
1122750 816710 0.0 0 F
1122750 817730 0.133843051468 3 F
1122750 819007 0.0 0 F
1122750 820415 0.0 0 F
1122750 821083 0.15063503122 4 F
1122750 821153 0.0 0 F
1122750 826363 0.0 0 F
1122750 826597 0.127458028598 5 F
1122750 826919 0.0 0 F
1122750 827241 0.0 0 F
1122750 827407 0.0 0 F
1122750 828698 0.143635464909 2 F
1122750 829771 0.133477584051 5 F
1122750 830245 0.0 0 F
1122750 832076 0.127366124701 5 F
1122750 833502 0.143265609246 5 F
1122750 834473 0.0 0 F
1122750 834872 0.0 0 F
1122750 837223 0.0 0 F
1122750 837279 0.0 0 F
1122750 838857 0.0 0 F
1122750 839340 0.0 0 F
1122750 839631 0.0 0 F
1122750 839683 0.0 0 F
1122750 839873 0.0 0 F
1122750 840391 0.154492048504 5 F
1122750 841778 0.0 0 F
1122750 843018 0.0 0 F
1122750 843374 0.0 0 F
1122750 845061 0.0 0 F
1122750 845622 0.0 0 F
1122750 845897 0.124544622186 3 F
1122750 846063 0.151067002365 5 F
1122750 846078 0.146266383364 6 F
1122750 846753 0.148361974912 5 F
1122750 847312 0.111377820503 3 F
1122750 847411 0.0 0 F
1122750 847501 0.137894662833 5 F
1122750 847557 0.0 0 F
1122750 847573 0.0 0 F
1122750 848571 0.0 0 F
1122750 849411 0.131059997316 4 F
1122750 849561 0.152622871431 5 F
1122750 850515 0.0 0 F
1122750 850537 0.0 0 F
1122750 852360 0.0 0 F
1122750 853972 0.0 0 F
1122750 854651 0.133564037852 4 F
1122750 855431 0.0 0 F
1122750 855880 0.0 0 F
1122750 857589 0.0 0 F
1122750 857861 0.131764054736 4 F
1122750 858031 0.0 0 F
1122750 858377 0.0 0 F
1122750 859561 0.128484598532 4 F
1122750 860371 0.124351820222 2 F
1122750 861108 0.0 0 F
1122750 862000 0.0 0 F
1122750 862118 0.0 0 F
1122750 862508 0.0 0 F
1122750 862819 0.14622974894 4 F
1122750 862987 0.0 0 F
1122750 863561 0.0 0 F
1122750 863606 0.0 0 F
1122750 863745 0.0 0 F
1122750 864038 0.0 0 F
1122750 864328 0.145147146069 5 F
1122750 864806 0.0 0 F
1122750 865655 0.0 0 F
1122750 866393 0.0 0 F
1122750 867184 0.0 0 F
1122750 867217 0.15623938229 5 F
1122750 867608 0.132259531978 6 F
1122750 869329 0.165357849042 6 F
1122750 869708 0.131584164747 3 F
1122750 870241 0.0 0 F
1122750 871004 0.0 0 F
1122750 871322 0.0 0 F
1122750 871433 0.140153483173 5 F
1122750 871570 0.0 0 F
1122750 871997 0.0 0 F
1122750 874491 0.145189656632 6 F
1122750 874571 0.0 0 F
1122750 875527 0.0 0 F
1122750 876576 0.140786430731 5 F
1122750 877055 0.145562484897 5 F
1122750 877387 0.0 0 F
1122750 877925 0.0 0 F
1122750 878081 0.144591949447 4 F
1122750 878323 0.0 0 F
1122750 879107 0.140829060896 5 F
1122750 880312 0.125004791642 8 F
1122750 880575 0.134009595666 5 F
1122750 881464 0.0 0 F
1122750 883093 0.0 0 F
1122750 884759 0.0 0 F
1122750 885363 0.0 0 F
1122750 885507 0.0 0 F
1122750 886185 0.0 0 F
1122750 886895 0.0 0 F
1122750 887647 0.130542589643 3 F
1122750 891349 0.0 0 F
1122750 891731 0.11851480238 4 F
1122750 891844 0.0 0 F
1122750 892135 0.0 0 F
1122750 892791 0.0857302010986 1 F
1122750 893421 0.0 0 F
1122750 895136 0.0 0 F
1122750 895218 0.0 0 F
1122750 896104 0.0 0 F
1122750 897568 0.0 0 F
1122750 898002 0.147281888431 4 F
1122750 899026 0.143874564667 4 F
1122750 899123 0.146094129409 7 F
1122750 899244 0.130952321636 5 F
1122750 899286 0.0 0 F
1122750 899768 0.0 0 F
1122750 900643 0.0 0 F
1122750 901951 0.144576851786 2 F
1122750 902599 0.152012443708 5 F
1122750 903287 0.126627204324 3 F
1122750 903857 0.0 0 F
1122750 904368 0.0 0 F
1122750 904923 0.0 0 F
1122750 905744 0.0773643750584 1 F
1122750 905880 0.0 0 F
1122750 907426 0.0 0 F
1122750 908552 0.149890805582 3 F
1122750 908968 0.147331561621 4 F
1122750 909169 0.0 0 F
1122750 911949 0.0 0 F
1122750 912460 0.0 0 F
1122750 914686 0.125063332198 4 F
1122750 914779 0.123486198558 2 F
1122750 915190 0.119693259283 1 F
1122750 916352 0.144572563299 4 F
1122750 916808 0.0 0 F
1122750 916902 0.0 0 F
1122750 917379 0.131784353585 3 F
1122750 917458 0.15015617411 3 F
1122750 918467 0.0327663801863 3 F
1122750 922697 0.0 0 F
1122750 922785 0.150483846898 5 F
1122750 922949 0.140763155659 5 F
1122750 922991 0.133254416002 6 F
1122750 923320 0.135835134088 5 F
1122750 923385 0.0 0 F
1122750 923594 0.0 0 F
1122750 923928 0.0 0 F
1122750 924560 0.0 0 F
1122750 925016 0.0 0 F
1122750 925598 0.11998340895 5 F
1122750 926208 0.13656873187 3 F
1122750 927278 0.0 0 F
1122750 927296 0.0 0 F
1122750 927660 0.0 0 F
1122750 928007 0.0 0 F
1122750 928551 0.123692340015 4 F
1122750 929045 0.0 0 F
1122750 931651 0.0 0 F
1122750 932465 0.137904183492 6 F
1122750 933089 0.0 0 F
1122750 933304 0.0 0 F
1122750 933892 0.137009176669 4 F
1122750 934821 0.0 0 F
1122750 935493 0.0 0 F
1122750 937688 0.138517565961 4 F
1122750 937953 0.135926848015 4 F
1122750 938224 0.0 0 F
1122750 938513 0.0 0 F
1122750 938862 0.0 0 F
1122750 939864 0.0 0 F
1122750 940009 0.0 0 F
1122750 940102 0.130519983161 5 F
1122750 941893 0.153713046563 6 F
1122750 943018 0.0 0 F
1122750 944115 0.0 0 F
1122750 944726 0.0 0 F
1122750 946591 0.0 0 F
1122750 946812 0.15123334058 6 F
1122750 946996 0.0 0 F
1122750 947406 0.145397939006 4 F
1122750 947625 0.0 0 F
1122750 947995 0.149496853996 4 F
1122750 948737 0.135783157597 3 F
1122750 949067 0.0 0 F
1122750 950002 0.0 0 F
1122750 951623 0.0 0 F
1122750 952145 0.0 0 F
1122750 952981 0.151433440473 5 F
1122750 953659 0.0 0 F
1122750 954218 0.150552556627 4 F
1122750 956226 0.0 0 F
1122750 956406 0.0 0 F
1122750 957024 0.0 0 F
1122750 957438 0.0968343364345 1 F
1122750 957554 0.0 0 F
1122750 957726 0.0 0 F
1122750 958288 0.0 0 F
1122750 958791 0.0 0 F
1122750 959890 0.142551126781 4 F
1122750 960594 0.142513465023 4 F
1122750 960770 0.0 0 F
1122750 964254 0.109004652359 1 F
1122750 965819 0.0 0 F
1122750 966113 0.0 0 F
1122750 966124 0.122008086781 3 F
1122750 966715 0.0 0 F
1122750 966944 0.0 0 F
1122750 967351 0.128627208562 4 F
1122750 968367 0.152377024122 6 F
1122750 968582 0.0 0 F
1122750 968664 0.128258264419 4 F
1122750 968841 0.0 1 F
1122750 969250 0.0 0 F
1122750 970193 0.137221901418 4 F
1122750 970392 0.0 0 F
1122750 970831 0.0 0 F
1122750 970935 0.15015617411 3 F
1122750 972265 0.132868949575 4 F
1122750 972990 0.143052502489 3 F
1122750 973285 0.0 0 F
1122750 973679 0.146671985294 4 F
1122750 973774 0.153539913983 4 F
1122750 974263 0.150082988125 3 F
1122750 975415 0.0 0 F
1122750 975596 0.128463614787 3 F
1122750 975619 0.126226072674 3 F
1122750 976284 0.0 0 F
1122750 976933 0.132080831494 5 F
1122750 977298 0.0 0 F
1122750 977753 0.0 0 F
1122750 977810 0.0963925390517 1 F
1122750 977920 0.0 0 F
1122750 978987 0.0 0 F
1122750 979888 0.0 0 F
1122750 979979 0.135194915262 3 F
1122750 980121 0.0 0 F
1122750 980222 0.147411186026 4 F
1122750 985019 0.0 0 F
1122750 985372 0.0 0 F
1122750 985595 0.0 0 F
1122750 985761 0.0 0 F
1122750 987431 0.0 0 F
1122750 988255 0.0 0 F
1122750 988664 0.133018419653 4 F
1122750 988908 0.135842522803 5 F
1122750 989016 0.0 0 F
1122750 989867 0.0 0 F
1122750 990666 0.0 0 F
1122750 991573 0.0 0 F
1122750 992424 0.0 0 F
1122750 993397 0.0 0 F
1122750 993672 0.0 0 F
1122750 993995 0.0 0 F
1122750 994785 0.0 0 F
1122750 996303 0.129490709851 5 F
1122750 997036 0.0 0 F
1122750 997427 0.0 0 F
1122750 998076 0.0 0 F
1122750 998983 0.142833121023 4 F
1122750 999745 0.132021804581 3 F
1122750 1000027 0.112398815338 3 F
1122750 1000255 0.13218599923 5 F
1122750 1000563 0.0 0 F
1122750 1002049 0.0 0 F
1122750 1002458 0.0 0 F
1122750 1003082 0.0 0 F
1122750 1004228 0.139207637147 5 F
1122750 1004544 0.0 0 F
1122750 1004704 0.141624720265 5 F
1122750 1005101 0.130141160353 3 F
1122750 1006509 0.0 0 F
1122750 1006590 0.0 0 F
1122750 1006886 0.0 0 F
1122750 1007524 0.110009667506 4 F
1122750 1007638 0.0 0 F
1122750 1007999 0.136495045174 4 F
1122750 1010274 0.0 0 F
1122750 1011435 0.137739226285 5 F
1122750 1012019 0.120685569513 3 F
1122750 1012340 0.129024031926 8 F
1122750 1013147 0.0 0 F
1122750 1014074 0.115544057131 6 F
1122750 1014748 0.0 0 F
1122750 1014785 0.0 0 F
1122750 1015548 0.0 0 F
1122750 1015714 0.0 0 F
1122750 1016147 0.0 0 F
1122750 1016252 0.153959750799 6 F
1122750 1019035 0.148125194113 5 F
1122750 1019099 0.09962404728 2 F
1122750 1019488 0.129488553227 1 F
1122750 1020552 0.0 0 F
1122750 1020686 0.154764675409 5 F
1122750 1021361 0.0 0 F
1122750 1022820 0.0 0 F
1122750 1023049 0.140241720143 4 F
1122750 1024214 0.0 0 F
1122750 1024768 0.0 0 F
1122750 1027193 0.0 0 F
1122750 1027335 0.1491091907 4 F
1122750 1027606 0.155693219594 4 F
1122750 1029044 0.12884073682 11 F
1122750 1029255 0.0 0 F
1122750 1029359 0.0 0 F
1122750 1029503 0.0 0 F
1122750 1029699 0.145687171079 4 F
1122750 1030340 0.0 0 F
1122750 1030384 0.135641403431 4 F
1122750 1031657 0.0 0 F
1122750 1032656 0.0 0 F
1122750 1032858 0.0 0 F
1122750 1033204 0.0 0 F
1122750 1033663 0.0 0 F
1122750 1033795 0.0 0 F
1122750 1034425 0.0 0 F
1122750 1034632 0.0 0 F
1122750 1034751 0.126587295773 3 F
1122750 1036210 0.0 0 F
1122750 1040000 0.0 0 F
1122750 1040116 0.117595451764 3 F
1122750 1040862 0.0 0 F
1122750 1040885 0.0 0 F
1122750 1041074 0.133761414231 5 F
1122750 1042569 0.0 0 F
1122750 1042966 0.0 0 F
1122750 1046252 0.15913659703 4 F
1122750 1046350 0.124945650409 5 F
1122750 1046810 0.0 0 F
1122750 1046964 0.0 0 F
1122750 1047899 0.126416689496 3 F
1122750 1048729 0.0 0 F
1122750 1049987 0.0 0 F
1122750 1050166 0.117566775537 4 F
1122750 1051018 0.145623332903 3 F
1122750 1051116 0.0688119705339 1 F
1122750 1051123 0.14996187509 4 F
1122750 1052466 0.0 0 F
1122750 1052802 0.0 0 F
1122750 1053008 0.126018607248 3 F
1122750 1053644 0.0 0 F
1122750 1054541 0.130250418265 2 F
1122750 1055408 0.140626931153 2 F
1122750 1055725 0.0 0 F
1122750 1055940 0.120010032579 4 F
1122750 1058953 0.0 0 F
1122750 1059380 0.0 0 F
1122750 1060305 0.0 0 F
1122750 1061104 0.0 0 F
1122750 1061696 0.0 0 F
1122750 1062092 0.0 0 F
1122750 1062636 0.0 0 F
1122750 1063523 0.151036989919 5 F
1122750 1064277 0.144613493069 4 F
1122750 1065258 0.0 0 F
1122750 1065766 0.0 0 F
1122750 1065852 0.147177752126 5 F
1122750 1066388 0.0 0 F
1122750 1066689 0.0 0 F
1122750 1069049 0.0 0 F
1122750 1069675 0.159026431634 4 F
1122750 1070319 0.0 0 F
1122750 1070552 0.139172764651 3 F
1122750 1074105 0.155080990817 5 F
1122750 1074227 0.0 0 F
1122750 1075973 0.124559218844 3 F
1122750 1076165 0.142456000517 6 F
1122750 1076309 0.141614659455 5 F
1122750 1076588 0.151429684093 6 F
1122750 1076802 0.0 0 F
1122750 1077505 0.0 0 F
1122750 1077892 0.0 0 F
1122750 1079566 0.144508087615 4 F
1122750 1080531 0.131751837711 6 F
1122750 1081694 0.0 0 F
1122750 1082344 0.125414645354 6 F
1122750 1083325 0.0 0 F
1122750 1083799 0.0 0 F
1122750 1086453 0.0 0 F
1122750 1086526 0.0 0 F
1122750 1087694 0.150533139626 6 F
1122750 1088005 0.0 0 F
1122750 1090453 0.0 0 F
1122750 1090693 0.0 0 F
1122750 1091196 0.147561819586 6 F
1122750 1091872 0.0 0 F
1122750 1093049 0.142417091666 4 F
1122750 1093251 0.139083919553 3 F
1122750 1093466 0.0 0 F
1122750 1093488 0.137484930766 5 F
1122750 1093656 0.0 0 F
1122750 1094426 0.0 0 F
1122750 1094497 0.0 0 F
1122750 1094868 0.13520174664 8 F
1122750 1095828 0.0 0 F
1122750 1098409 0.0 0 F
1122750 1100433 0.138755306275 5 F
1122750 1100576 0.131119995718 4 F
1122750 1100725 0.129542660895 3 F
1122750 1100984 0.152046326226 5 F
1122750 1101518 0.119545848185 4 F
1122750 1101688 0.0 0 F
1122750 1102346 0.0 0 F
1122750 1106266 0.140370958169 3 F
1122750 1107405 0.0 0 F
1122750 1107461 0.135232307943 4 F
1122750 1107680 0.132810995598 6 F
1122750 1107925 0.133418482865 3 F
1122750 1108666 0.0 0 F
1122750 1110433 0.0 0 F
1122750 1110999 0.0 0 F
1122750 1111189 0.0 0 F
1122750 1112127 0.0 0 F
1122750 1113064 0.152794972655 4 F
1122750 1113558 0.0 0 F
1122750 1114225 0.132990964643 3 F
1122750 1114904 0.0 0 F
1122750 1115490 0.132240534265 4 F
1122750 1115629 0.0 0 F
1122750 1116167 0.150753815702 5 F
1122750 1117386 0.0 0 F
1122750 1118403 0.0 0 F
1122750 1118888 0.0 0 F
1122750 1119038 0.0 0 F
1122750 1119590 0.0 0 F
1122750 1122360 0.144576851786 2 F
1122750 1123057 0.124197120046 2 F
1122750 1123121 0.106091470271 5 F
1122750 1124128 0.0 0 F
1122750 1124194 0.0 0 F
1122750 1130147 0.0 0 F
1122750 1131576 0.0 0 F
1122750 1131647 0.133595946419 3 F
1122750 1131843 0.0 0 F
1122750 1133716 0.0 0 F
1122750 1134089 0.140323755041 4 F
1122750 1134125 0.0 0 F
1122750 1135272 0.0 0 F
1122750 1135710 0.0 0 F
1122750 1136389 0.0 0 F
1122750 1139021 0.139814866352 6 F
1122750 1140135 0.140061002076 6 F
1122750 1140974 0.0 0 F
1122750 1143125 0.14357431876 5 F
1122750 1144042 0.0 0 F
1122750 1144451 0.0 0 F
1122750 1145168 0.0 0 F
1122750 1146050 0.0 0 F
1122750 1146337 0.143548611386 4 F
1122750 1146849 0.0 0 F
1122750 1148633 0.0 0 F
1122750 1149050 0.143976310809 5 F
1122750 1150278 0.116576150765 1 F
1122750 1150435 0.147890380933 5 F
1122750 1150796 0.0 0 F
1122750 1151748 0.144674596436 5 F
1122750 1154330 0.0 0 F
1122750 1154786 0.0 0 F
1122750 1154958 0.134505000942 2 F
1122750 1155217 0.0 0 F
1122750 1155373 0.0 0 F
1122750 1156408 0.0 4 F
1122750 1158318 0.0 0 F
1122750 1158383 0.0 0 F
1122750 1160099 0.0 0 F
1122750 1160962 0.0 0 F
1122750 1160973 0.0 0 F
1122750 1161724 0.112822240285 1 F
1122750 1162548 0.0 0 F
1122750 1163428 0.133272998885 4 F
1122750 1164511 0.0 0 F
1122750 1166223 0.0 0 F
1122750 1166683 0.149211467274 5 F
1122750 1168866 0.15194659018 3 F
1122750 1168963 0.0 0 F
1122750 1169266 0.0 0 F
1122750 1169426 0.0 0 F
1122750 1170339 0.0 0 F
1122750 1171719 0.138734894938 5 F
1122750 1172832 0.148339619828 5 F
1122750 1172962 0.146009668272 4 F
1122750 1173089 0.0 0 F
1122750 1173886 0.0 0 F
1122750 1174135 0.0 0 F
1122750 1174159 0.0 0 F
1122750 1174358 0.0 0 F
1122750 1174511 0.0 0 F
1122750 1174738 0.136404450926 4 F
1122750 1175222 0.0 0 F
1122750 1175797 0.0 0 F
1122750 1177378 0.133611104451 4 F
1122750 1177437 0.0 0 F
1122750 1177459 0.0 0 F
1122750 1177613 0.0 0 F
1122750 1177702 0.135631400607 3 F
1122750 1177868 0.0 0 F
1122750 1179421 0.0 0 F
1122750 1181093 0.0 0 F
1122750 1181196 0.131157353324 4 F
1122750 1181564 0.0 0 F
1122750 1182173 0.0 0 F
1122750 1182788 0.0 0 F
1122750 1182987 0.0 0 F
1122750 1184980 0.0 0 F
1122750 1185743 0.0 0 F
1122750 1185886 0.0 0 F
1122750 1186033 0.0 0 F
1122750 1186361 0.0 0 F
1122750 1187398 0.0 0 F
1122750 1188193 0.0 0 F
1122750 1189275 0.142488968059 5 F
1122750 1190357 0.135608948383 2 F
1122750 1190904 0.0 0 F
1122750 1191670 0.125676506227 2 F
1122750 1192015 0.0 0 F
1122750 1193534 0.0 0 F
1122750 1193791 0.0 0 F
1122750 1194363 0.148094009573 3 F
1122750 1194665 0.0 0 F
1122750 1195334 0.142382310739 4 F
1122750 1195992 0.0 0 F
1122750 1196337 0.0 0 F
1122750 1196574 0.0 0 F
1122750 1197355 0.0 0 F
1122750 1197483 0.146767309365 4 F
1122750 1197851 0.111609528815 2 F
1122750 1198311 0.0333337630019 1 F
1122750 1199209 0.0 0 F
1122750 1200499 0.0 0 F
1122750 1200692 0.0 0 F
1122750 1200820 0.143153313585 5 F
1122750 1201480 0.129465391242 2 F
1122750 1201702 0.129002168271 4 F
1122750 1202099 0.154401642887 5 F
1122750 1203617 0.0 0 F
1122750 1205978 0.0 0 F
1122750 1206048 0.0 0 F
1122750 1206361 0.0 0 F
1122750 1207178 0.0 0 F
1122750 1208323 0.15453418363 4 F
1122750 1210947 0.0 0 F
1122750 1211295 0.0 0 F
1122750 1211434 0.127296296847 6 F
1122750 1211762 0.0 0 F
1122750 1212755 0.147251063249 3 F
1122750 1213098 0.0 0 F
1122750 1213475 0.138529235675 6 F
1122750 1213663 0.137854221547 5 F
1122750 1213915 0.0 0 F
1122750 1214180 0.0 0 F
1122750 1215297 0.150458873471 6 F
1122750 1215531 0.135480346 8 F
1122750 1216879 0.136104848603 4 F
1122750 1217449 0.0 0 F
1122750 1217958 0.0 0 F
1122750 1219269 0.0 0 F
1122750 1219554 0.14949473262 5 F
1122750 1219959 0.146963615838 6 F
1122750 1220080 0.0 0 F
1122750 1220704 0.140473856507 4 F
1122750 1221349 0.135949724591 4 F
1122750 1221913 0.0 0 F
1122750 1222448 0.0 0 F
1122750 1224324 0.0 0 F
1122750 1225752 0.0 0 F
1122750 1227518 0.120255254159 2 F
1122750 1230527 0.0 0 F
1122750 1232078 0.0 0 F
1122750 1233272 0.133529168555 3 F
1122750 1233383 0.146849577093 5 F
1122750 1233648 0.148096023144 4 F
1122750 1233884 0.0 0 F
1122750 1234048 0.0 0 F
1122750 1234297 0.166176574352 6 F
1122750 1234448 0.155899878687 5 F
1122750 1234881 0.0 0 F
1122750 1236228 0.151900531252 5 F
1122750 1237707 0.0 0 F
1122750 1237808 0.0777865552621 1 F
1122750 1238275 0.130422060589 4 F
1122750 1238572 0.0 0 F
1122750 1238657 0.0 0 F
1122750 1238671 0.124091411198 3 F
1122750 1239116 0.143995938261 5 F
1122750 1240834 0.0 0 F
1122750 1241004 0.131936702132 4 F
1122750 1241920 0.136416623663 4 F
1122750 1242430 0.144090163928 3 F
1122750 1242648 0.0 0 F
1122750 1243025 0.0 0 F
1122750 1244469 0.0 0 F
1122750 1244940 0.144225663565 7 F
1122750 1246423 0.145832928847 4 F
1122750 1246489 0.0 0 F
1122750 1246689 0.134936908897 3 F
1122750 1246835 0.14168492386 3 F
1122750 1246902 0.0 0 F
1122750 1248250 0.0 0 F
1122750 1249828 0.0 0 F
1122750 1249866 0.0 0 F
1122750 1250927 0.127319728267 2 F
1122750 1251509 0.108208396848 1 F
1122750 1251577 0.0 0 F
1122750 1253568 0.0 0 F
1122750 1253627 0.0 0 F
1122750 1254145 0.0 0 F
1122750 1254264 0.146007125319 4 F
1122750 1256598 0.0 0 F
1122750 1257806 0.0 0 F
1122750 1258001 0.0 0 F
1122750 1258059 0.0 0 F
1122750 1258340 0.0 0 F
1122750 1260410 0.0 0 F
1122750 1260631 0.0 0 F
1122750 1260919 0.0 0 F
1122750 1261558 0.0 0 F
1122750 1262283 0.0 0 F
1122750 1263558 0.0 0 F
1122750 1263981 0.137592424963 5 F
1122750 1264092 0.149660716746 5 F
1122750 1264227 0.147312200027 5 F
1122750 1264482 0.156709297622 7 F
1122750 1264790 0.140306412846 6 F
1122750 1265975 0.0 0 F
1122750 1266346 0.0 0 F
1122750 1266406 0.136555362097 4 F
1122750 1267030 0.0 0 F
1122750 1267724 0.154914773753 4 F
1122750 1268440 0.0 0 F
1122750 1268503 0.0 1 F
1122750 1269094 0.0 0 F
1122750 1270536 0.142385955407 2 F
1122750 1271054 0.138817578645 4 F
1122750 1272053 0.127458028598 8 F
1122750 1272261 0.0 0 F
1122750 1272811 0.0 0 F
1122750 1273320 0.136321126618 3 F
1122750 1274109 0.132508059909 4 F
1122750 1275241 0.135148868941 4 F
1122750 1276229 0.144576851786 2 F
1122750 1277270 0.0 0 F
1122750 1277467 0.149522153447 12 F
1122750 1278929 0.138841513595 5 F
1122750 1281476 0.139537324018 4 F
1122750 1281488 0.0 0 F
1122750 1283427 0.130786857935 5 F
1122750 1284173 0.141841400194 3 F
1122750 1284282 0.141244848328 6 F
1122750 1284303 0.0 0 F
1122750 1284387 0.133302270304 5 F
1122750 1284471 0.0 0 F
1122750 1285408 0.149352827043 4 F
1122750 1286385 0.0 0 F
1122750 1287484 0.141064090485 5 F
1122750 1287554 0.0 0 F
1122750 1288404 0.0 0 F
1122750 1288756 0.143797351841 4 F
1122750 1288797 0.0 0 F
1122750 1289758 0.121746570391 2 F
1122750 1290507 0.0 0 F
1122750 1291345 0.0 0 F
1122750 1293594 0.0 0 F
1122750 1293680 0.0 0 F
1122750 1294699 0.0 0 F
1122750 1294826 0.142805263189 5 F
1122750 1295087 0.0 0 F
1122750 1295546 0.145228512124 3 F
1122750 1295838 0.155503981897 6 F
1122750 1297423 0.131470435158 5 F
1122750 1298137 0.0 0 F
1122750 1298344 0.131972013819 3 F
1122750 1298386 0.139985136185 4 F
1122750 1298754 0.0 0 F
1122750 1299663 0.128330875573 4 F
1122750 1300409 0.0 0 F
1122750 1300473 0.0 0 F
1122750 1300671 0.0 0 F
1122750 1301160 0.0 0 F
1122750 1301664 0.0 0 F
1122750 1302937 0.0 0 F
1122750 1303156 0.0 0 F
1122750 1305009 0.132135871877 5 F
1122750 1305462 0.0 0 F
1122750 1306206 0.0 0 F
1122750 1307696 0.0 0 F
1122750 1309225 0.139973696762 4 F
1122750 1310315 0.124868091244 5 F
1122750 1310685 0.139395507684 4 F
1122750 1310814 0.0 0 F
1122750 1310835 0.149381931476 4 F
1122750 1311066 0.142915318489 4 F
1122750 1311291 0.0 0 F
1122750 1311637 0.134748895291 5 F
1122750 1312468 0.15015617411 3 F
1122750 1314447 0.0 0 F
1122750 1315512 0.129630569914 5 F
1122750 1316026 0.0 0 F
1122750 1316745 0.138447887933 6 F
1122750 1316830 0.142846854184 5 F
1122750 1316968 0.131529028346 5 F
1122750 1317645 0.0 0 F
1122750 1319466 0.155415189668 4 F
1122750 1319518 0.152665021123 7 F
1122750 1320111 0.131227417672 4 F
1122750 1320115 0.138522415944 5 F
1122750 1320600 0.0 0 F
1122750 1320721 0.149659259352 4 F
1122750 1320789 0.120669143267 3 F
1122750 1323057 0.0 0 F
1122750 1324033 0.0 0 F
1122750 1324250 0.0 0 F
1122750 1327860 0.0 0 F
1122750 1328036 0.136133932616 3 F
1122750 1330016 0.112822240285 1 F
1122750 1330909 0.0 0 F
1122750 1331612 0.0 0 F
1122750 1331858 0.0 0 F
1122750 1331868 0.0 0 F
1122750 1332673 0.128762907839 3 F
1122750 1332762 0.0 0 F
1122750 1332949 0.0 0 F
1122750 1334317 0.12922838839 3 F
1122750 1335596 0.128560266204 4 F
1122750 1336582 0.0 0 F
1122750 1336739 0.119711874448 4 F
1122750 1337823 0.0 0 F
1122750 1337903 0.117852598462 2 F
1122750 1338023 0.132785848956 5 F
1122750 1338197 0.121178244218 4 F
1122750 1340254 0.134948824046 4 F
1122750 1341711 0.0 0 F
1122750 1341814 0.0 0 F
1122750 1341990 0.149723012735 5 F
1122750 1343298 0.0 0 F
1122750 1343508 0.155961049005 4 F
1122750 1345575 0.0 0 F
1122750 1347205 0.137473824039 6 F
1122750 1348633 0.141410289343 5 F
1122750 1350244 0.144550420256 4 F
1122750 1350667 0.0 0 F
1122750 1350739 0.137518482892 6 F
1122750 1351794 0.0 0 F
1122750 1352377 0.0 0 F
1122750 1353401 0.0 0 F
1122750 1354436 0.0 0 F
1122750 1355321 0.0 0 F
1122750 1356061 0.14903967322 4 F
1122750 1356347 0.0 0 F
1122750 1356986 0.106827895241 2 F
1122750 1357726 0.0 0 F
1122750 1358208 0.14362831429 5 F
1122750 1360230 0.0 0 F
1122750 1360440 0.0 0 F
1122750 1360679 0.0 0 F
1122750 1361043 0.140523490901 5 F
1122750 1361665 0.0 0 F
1122750 1361825 0.0 0 F
1122750 1362204 0.0 0 F
1122750 1363659 0.0 0 F
1122750 1363954 0.0 0 F
1122750 1364227 0.0 0 F
1122750 1364465 0.0 0 F
1122750 1364767 0.121939826524 4 F
1122750 1365327 0.147564357761 3 F
1122750 1365869 0.0 0 F
1122750 1367201 0.0 0 F
1122750 1367623 0.13861851195 5 F
1122750 1369408 0.0 0 F
1122750 1372363 0.0 0 F
1122750 1372475 0.0 0 F
1122750 1373037 0.0 0 F
1122750 1373562 0.0 0 F
1122750 1375339 0.0 0 F
1122750 1376089 0.146370599939 5 F
1122750 1377505 0.0 0 F
1122750 1378227 0.137005042036 4 F
1122750 1378832 0.146638059876 3 F
1122750 1379217 0.0 0 F
1122750 1379945 0.0 0 F
1122750 1380095 0.148174928996 5 F
1122750 1380348 0.0 0 F
1122750 1380430 0.139040946947 6 F
1122750 1380750 0.141955782659 6 F
1122750 1382081 0.0 0 F
1122750 1382184 0.0 0 F
1122750 1384351 0.0 0 F
1122750 1384505 0.0 0 F
1122750 1386712 0.0 0 F
1122750 1388391 0.145952122797 5 F
1122750 1388927 0.155401354974 4 F
1122750 1389491 0.0 0 F
1122750 1389511 0.0 0 F
1122750 1390707 0.0 0 F
1122750 1393905 0.0 0 F
1122750 1394726 0.0 0 F
1122750 1394846 0.152579010378 5 F
1122750 1396423 0.0 0 F
1122750 1396756 0.0 0 F
1122750 1397758 0.0 0 F
1122750 1397906 0.0 0 F
1122750 1398898 0.138386500879 4 F
1122750 1398978 0.152567015756 4 F
1122750 1399112 0.0 0 F
1122750 1399871 0.135236415014 3 F
1122750 1400090 0.125439516302 5 F
1122750 1400206 0.0 0 F
1122750 1400583 0.153032280708 4 F
1122750 1400982 0.0 0 F
1122750 1401825 0.13774210252 3 F
1122750 1402349 0.0 0 F
1122750 1402387 0.0 0 F
1122750 1404232 0.0 0 F
1122750 1404711 0.0 0 F
1122750 1405155 0.0 0 F
1122750 1406078 0.132169650944 4 F
1122750 1406260 0.0 0 F
1122750 1406503 0.0 0 F
1122750 1406552 0.0 0 F
1122750 1406699 0.0 0 F
1122750 1407336 0.0 0 F
1122750 1411058 0.0 0 F
1122750 1411357 0.0 0 F
1122750 1411801 0.0 0 F
1122750 1412577 0.0 0 F
1122750 1412916 0.106000888348 2 F
1122750 1413272 0.0 0 F
1122750 1413790 0.129849103792 4 F
1122750 1414439 0.133863114802 6 F
1122750 1415145 0.0 0 F
1122750 1416357 0.0 0 F
1122750 1417339 0.130027369199 3 F
1122750 1420407 0.0 0 F
1122750 1420562 0.127601527324 4 F
1122750 1421599 0.122451387698 1 F
1122750 1423141 0.150972977576 4 F
1122750 1423265 0.0 0 F
1122750 1423675 0.0 0 F
1122750 1423835 0.0 0 F
1122750 1424580 0.138529652113 3 F
1122750 1424891 0.149529731856 5 F
1122750 1425373 0.0 0 F
1122750 1425399 0.138135798023 4 F
1122750 1425457 0.152452713026 5 F
1122750 1425561 0.0 0 F
1122750 1425595 0.0 0 F
1122750 1428161 0.0 0 F
1122750 1428216 0.0 0 F
1122750 1428240 0.133711276197 3 F
1122750 1430278 0.154455316446 4 F
1122750 1431348 0.124351820222 2 F
1122750 1432151 0.145468975638 4 F
1122750 1432549 0.0 0 F
1122750 1432740 0.152161162383 3 F
1122750 1433715 0.0 0 F
1122750 1433891 0.0 0 F
1122750 1434623 0.0 0 F
1122750 1434914 0.117455080145 2 F
1122750 1434974 0.129286112015 3 F
1122750 1435716 0.120916985033 3 F
1122750 1437402 0.0 0 F
1122750 1437481 0.127679749434 4 F
1122750 1437601 0.0 0 F
1122750 1439133 0.103049690863 1 F
1122750 1440030 0.133496043486 6 F
1122750 1441595 0.0 0 F
1122750 1442435 0.123346265254 2 F
1122750 1443382 0.137904183492 6 F
1122750 1443683 0.0 0 F
1122750 1443886 0.0 0 F
1122750 1444815 0.0 0 F
1122750 1445763 0.0 0 F
1122750 1446778 0.115863426698 2 F
1122750 1446899 0.0 0 F
1122750 1447012 0.140170586327 5 F
1122750 1447457 0.137761271662 4 F
1122750 1447471 0.147256340179 5 F
1122750 1447584 0.137053667046 5 F
1122750 1447740 0.0 0 F
1122750 1448111 0.0 0 F
1122750 1449531 0.0 0 F
1122750 1450768 0.146262352067 4 F
1122750 1451331 0.0 0 F
1122750 1451695 0.126183114784 10 F
1122750 1453688 0.0 0 F
1122750 1454418 0.0 0 F
1122750 1454467 0.0 0 F
1122750 1455495 0.0 0 F
1122750 1458756 0.0 0 F
1122750 1459024 0.0 0 F
1122750 1459164 0.0 0 F
1122750 1460449 0.11137493102 2 F
1122750 1462150 0.114615337526 3 F
1122750 1463583 0.0 0 F
1122750 1463642 0.0 0 F
1122750 1463683 0.126135381037 4 F
1122750 1466030 0.0 0 F
1122750 1467205 0.0 0 F
1122750 1468791 0.130649713211 3 F
1122750 1469516 0.0 0 F
1122750 1469626 0.0 0 F
1122750 1470317 0.143031217336 5 F
1122750 1470757 0.0 0 F
1122750 1471493 0.122490800414 2 F
1122750 1472516 0.0 0 F
1122750 1474320 0.0 0 F
1122750 1475196 0.141434216154 4 F
1122750 1475286 0.153779189132 5 F
1122750 1475302 0.138314851671 5 F
1122750 1476972 0.0 0 F
1122750 1477095 0.0 0 F
1122750 1477279 0.0 0 F
1122750 1477285 0.116959632826 1 F
1122750 1477414 0.0 0 F
1122750 1477826 0.0 0 F
1122750 1477955 0.0 0 F
1122750 1478930 0.0 0 F
1122750 1479071 0.0 0 F
1122750 1480499 0.127193775764 12 F
1122750 1482161 0.0 0 F
1122750 1483978 0.0 0 F
1122750 1485269 0.0 0 F
1122750 1485407 0.0 0 F
1122750 1485608 0.0 0 F
1122750 1485728 0.0230941263354 2 F
1122750 1486091 0.146631003345 5 F
1122750 1486246 0.0 0 F
1122750 1487062 0.0 0 F
1122750 1487340 0.0 0 F
1122750 1488261 0.0 0 F
1122750 1489029 0.0 0 F
1122750 1489346 0.0 0 F
1122750 1490475 0.0 0 F
1122750 1492311 0.0 0 F
1122750 1494315 0.0 0 F
1122750 1494789 0.0 0 F
1122750 1495813 0.0 0 F
1122750 1496559 0.137287590705 3 F
1122750 1497936 0.0 0 F
1122750 1498367 0.150217665708 4 F
1122750 1498800 0.0 0 F
1122750 1499333 0.124653269753 3 F
1122750 1500066 0.140239014102 3 F
1122750 1500067 0.0 0 F
1122750 1501294 0.143467822728 5 F
1122750 1501987 0.149400982479 4 F
1122750 1502122 0.0 0 F
1122750 1502173 0.0 0 F
1122750 1504329 0.145269485896 7 F
1122750 1505384 0.0 0 F
1122750 1507132 0.0 0 F
1122750 1507229 0.11919523211 3 F
1122750 1507776 0.0 0 F
1122750 1508257 0.0 0 F
1122750 1509246 0.133876229614 4 F
1122750 1510200 0.149084763241 6 F
1122750 1510410 0.151075013872 5 F
1122750 1511358 0.126873781544 4 F
1122750 1511863 0.154337688983 5 F
1122750 1511883 0.0 0 F
1122750 1513565 0.0 0 F
1122750 1514345 0.0 0 F
1122750 1514360 0.0 0 F
1122750 1514614 0.120410492077 3 F
1122750 1514962 0.0 0 F
1122750 1515676 0.135426829314 5 F
1122750 1515908 0.0 0 F
1122750 1516007 0.0 0 F
1122750 1517036 0.0 0 F
1122750 1518097 0.148382333701 6 F
1122750 1518602 0.0 0 F
1122750 1519254 0.0 0 F
1122750 1519992 0.0 0 F
1122750 1520042 0.0 0 F
1122750 1525528 0.0 0 F
1122750 1526171 0.0 0 F
1122750 1526943 0.0 0 F
1122750 1529829 0.0 0 F
1122750 1530404 0.0 0 F
1122750 1532123 0.0 0 F
1122750 1532309 0.125456623519 3 F
1122750 1532413 0.129382732465 3 F
1122750 1535138 0.0 0 F
1122750 1535349 0.14419393767 5 F
1122750 1536853 0.13399334606 5 F
1122750 1536868 0.0 0 F
1122750 1537433 0.0 0 F
1122750 1541966 0.0 0 F
1122750 1542499 0.0 0 F
1122750 1544631 0.0 0 F
1122750 1544882 0.126733861042 5 F
1122750 1545697 0.149019127795 4 F
1122750 1545805 0.0 0 F
1122750 1545873 0.0 0 F
1122750 1548276 0.0 0 F
1122750 1549218 0.144576851786 2 F
1122750 1552913 0.114442114121 2 F
1122750 1553375 0.122451387698 1 F
1122750 1554386 0.135996189738 3 F
1122750 1555193 0.0 0 F
1122750 1555313 0.0 0 F
1122750 1555428 0.130058635969 4 F
1122750 1558424 0.0 0 F
1122750 1558894 0.121467855886 3 F
1122750 1560432 0.0 0 F
1122750 1561039 0.139743859516 5 F
1122750 1561361 0.0 0 F
1122750 1561991 0.143185479642 4 F
1122750 1562806 0.0 0 F
1122750 1563595 0.110006872948 1 F
1122750 1564119 0.0 0 F
1122750 1565177 0.0 0 F
1122750 1566340 0.0 0 F
1122750 1567761 0.147373037338 5 F
1122750 1567916 0.0 0 F
1122750 1568142 0.129861927653 6 F
1122750 1574077 0.148274107036 4 F
1122750 1574769 0.0 0 F
1122750 1576086 0.0 0 F
1122750 1576226 0.0 0 F
1122750 1577369 0.106000888348 2 F
1122750 1578532 0.119771964776 2 F
1122750 1578717 0.0 0 F
1122750 1578900 0.0 0 F
1122750 1579044 0.142551126781 4 F
1122750 1579058 0.0 0 F
1122750 1580023 0.0 0 F
1122750 1580379 0.121746570391 2 F
1122750 1581102 0.140942931642 4 F
1122750 1581718 0.0 0 F
1122750 1582565 0.0 0 F
1122750 1583129 0.143598513116 4 F
1122750 1585384 0.151771942003 6 F
1122750 1585917 0.0 0 F
1122750 1586190 0.133042521459 4 F
1122750 1586807 0.0 0 F
1122750 1586828 0.0 0 F
1122750 1587158 0.142312976462 5 F
1122750 1587966 0.13184604993 3 F
1122750 1588098 0.0 0 F
1122750 1588182 0.0 0 F
1122750 1589827 0.137335347552 3 F
1122750 1590727 0.14002332697 5 F
1122750 1591027 0.128448031695 3 F
1122750 1591305 0.130133921014 5 F
1122750 1592101 0.0 0 F
1122750 1593073 0.0 0 F
1122750 1593765 0.0 0 F
1122750 1594500 0.0 0 F
1122750 1597144 0.0 0 F
1122750 1597626 0.0 0 F
1122750 1598336 0.144954092756 3 F
1122750 1599068 0.149872772899 4 F
1122750 1599093 0.0 0 F
1122750 1599669 0.0 0 F
1122750 1602132 0.0 0 F
1122750 1602199 0.0 0 F
1122750 1603835 0.138288127535 5 F
1122750 1605105 0.0 0 F
1122750 1605582 0.0 0 F
1122750 1606287 0.144849895527 5 F
1122750 1607619 0.0 0 F
1122750 1607752 0.0 0 F
1122750 1609414 0.125456623519 3 F
1122750 1609906 0.127705734353 5 F
1122750 1610874 0.0 0 F
1122750 1613130 0.147311510445 4 F
1122750 1613877 0.0786786637336 1 F
1122750 1614186 0.0 0 F
1122750 1614434 0.0 0 F
1122750 1615564 0.0 0 F
1122750 1617736 0.0 0 F
1122750 1618063 0.147707573142 6 F
1122750 1618248 0.0 0 F
1122750 1618301 0.131423502437 5 F
1122750 1618886 0.129446657077 5 F
1122750 1619897 0.0 0 F
1122750 1621912 0.0 0 F
1122750 1622800 0.0 0 F
1122750 1623609 0.0 0 F
1122750 1623841 0.0 0 F
1122750 1625197 0.0 0 F
1122750 1625242 0.0 0 F
1122750 1628098 0.0 0 F
1122750 1628124 0.145019809941 6 F
1122750 1630130 0.139151855429 5 F
1122750 1630501 0.0 0 F
1122750 1632527 0.0 0 F
1122750 1632824 0.0 0 F
1122750 1633645 0.0 0 F
1122750 1637962 0.142731253346 3 F
1122750 1638923 0.0 0 F
1122750 1639421 0.0 0 F
1122750 1640790 0.0 0 F
1122750 1643189 0.0861821900463 1 F
1122750 1644799 0.0 5 F
1122750 1645206 0.137740844023 5 F
1122750 1645324 0.0 0 F
1122750 1645695 0.135190802836 8 F
1122750 1646524 0.126600669393 2 F
1122750 1646676 0.0 0 F
1122750 1646683 0.137649178919 4 F
1122750 1646771 0.0 0 F
1122750 1647031 0.0 0 F
1122750 1648207 0.0 0 F
1122750 1648345 0.144690878485 5 F
1122750 1648943 0.0 0 F
1122750 1649872 0.13986562739 3 F
1122750 1652075 0.154263575917 5 F
1122750 1652174 0.0 0 F
1122750 1653464 0.0 0 F
1122750 1653605 0.139771559261 4 F
1122750 1654268 0.147227854531 4 F
1122750 1655196 0.140498477078 5 F
1122750 1655524 0.0 0 F
1122750 1655615 0.155993027385 9 F
1122750 1658174 0.0 0 F
1122750 1658238 0.154903908503 5 F
1122750 1658293 0.134114116175 3 F
1122750 1658523 0.0 0 F
1122750 1658879 0.0 0 F
1122750 1659102 0.0 0 F
1122750 1659426 0.125816686959 4 F
1122750 1660029 0.0 0 F
1122750 1660033 0.0 0 F
1122750 1661720 0.0 0 F
1122750 1662384 0.0 0 F
1122750 1662951 0.0 0 F
1122750 1666481 0.125242072579 5 F
1122750 1666584 0.0 0 F
1122750 1667645 0.0 0 F
1122750 1667904 0.0 0 F
1122750 1669493 0.155577892514 5 F
1122750 1670964 0.14137001043 3 F
1122750 1671195 0.0 0 F
1122750 1672108 0.119451291307 5 F
1122750 1677172 0.0 0 F
1122750 1677557 0.0 0 F
1122750 1677868 0.11494996907 4 F
1122750 1678079 0.0 0 F
1122750 1678828 0.0 0 F
1122750 1678966 0.131580508649 3 F
1122750 1679365 0.0 0 F
1122750 1680081 0.0 0 F
1122750 1680245 0.0 0 F
1122750 1681119 0.149142364906 4 F
1122750 1682032 0.134462905613 7 F
1122750 1683477 0.