768496 39553 0.216117129251 7 T
768496 60745 0.255266674238 4 T
768496 115164 0.0 0 T
768496 143305 0.222666123376 5 T
768496 364159 0.216117129251 7 T
768496 571797 0.0 0 T
768496 696348 0.0 0 T
768496 707687 0.26454368438 6 T
768496 929483 0.167311499628 6 T
768496 1030424 0.186855691472 3 T
768496 1359392 0.155358407727 5 T
768496 1423104 0.0 0 T
768496 1549756 0.254940153854 5 T
768496 1556319 0.278118840859 3 T
768496 1606165 0.291681983502 3 T
768496 1763978 0.0 0 T
768496 1847692 0.256450384044 5 T
768496 1899012 0.282187208436 5 T
768496 2027698 0.155150289115 5 T
768496 2059409 0.252372802725 4 T
768496 2105236 0.243169752497 4 T
768496 389714 0.0 0 F
768496 423746 0.0 0 F
768496 496895 0.0 0 F
768496 536765 0.0 0 F
768496 648851 0.0 0 F
768496 764861 0.164517577617 6 F
768496 804045 0.154102317488 6 F
768496 1268533 0.0 0 F
768496 1326139 0.0803183306407 1 F
768496 1457102 0.0 0 F
768496 1573810 0.0 0 F
768496 1610103 0.0 0 F
768496 1641812 0.0 0 F
768496 1791840 0.0 0 F
768496 1820037 0.0 0 F
768496 1911907 0.0 0 F
768496 2156445 0.0 0 F
768496 2202325 0.0794750197768 1 F
866801 180210 0.0 0 T
866801 256449 0.0 0 T
866801 426335 0.0 0 T
866801 607404 0.231703869048 5 T
866801 1056269 0.184360087251 4 T
866801 1108310 0.202080437837 2 T
866801 1116020 0.215963027009 2 T
866801 1156029 0.190116349903 3 T
866801 1446147 0.0 0 T
866801 1533368 0.207653454637 3 T
866801 2242812 0.249805372807 4 T
866801 760 0.0 0 F
866801 82808 0.0 0 F
866801 983898 0.0 0 F
866801 986656 0.190094086022 5 F
866801 1073777 0.163267449117 4 F
866801 1884903 0.0 0 F
801267 61379 0.0 0 T
801267 575652 0.205446001523 2 T
801267 852600 0.206892129866 5 T
801267 1159353 0.0 0 T
801267 1225119 0.20476127008 3 T
801267 1437756 0.197972912499 2 T
801267 1728565 0.219887353744 2 T
801267 61050 0.27492374694 4 F
801267 61568 0.0 0 F
801267 73778 0.209240379085 4 F
801267 77339 0.0 0 F
801267 84347 0.0 0 F
801267 142259 0.197110763967 5 F
801267 158636 0.0 0 F
801267 166220 0.267243231453 5 F
801267 270633 0.242695522092 4 F
801267 273308 0.245294450315 3 F
801267 301379 0.18998378824 3 F
801267 329648 0.223553635282 4 F
801267 389075 0.0 0 F
801267 400988 0.0 0 F
801267 462629 0.222185882002 5 F
801267 506768 0.0 0 F
801267 532868 0.216318862095 4 F
801267 551738 0.213418389586 3 F
801267 598841 0.0 0 F
801267 633158 0.0 0 F
801267 638834 0.0 0 F
801267 639841 0.208590964943 3 F
801267 652451 0.18386155839 2 F
801267 666093 0.285544020942 4 F
801267 680142 0.215677336547 3 F
801267 742636 0.0 0 F
801267 759859 0.221837877038 3 F
801267 831143 0.195271095942 1 F
801267 861397 0.225298113636 4 F
801267 898283 0.0 0 F
801267 929044 0.227209207483 6 F
801267 945216 0.0 0 F
801267 958394 0.19800314208 3 F
801267 1095129 0.261847695358 4 F
801267 1132692 0.217763300865 6 F
801267 1198568 0.242695522092 4 F
801267 1219300 0.0 0 F
801267 1225470 0.222913308086 4 F
801267 1228550 0.286415952554 4 F
801267 1270887 0.2105426069 4 F
801267 1275638 0.265165889005 5 F
801267 1313423 0.264281060337 3 F
801267 1331793 0.0 0 F
801267 1355306 0.220585969289 3 F
801267 1359975 0.0 0 F
801267 1400785 0.0 0 F
801267 1439022 0.0 0 F
801267 1462799 0.245939005728 5 F
801267 1462941 0.263852310071 4 F
801267 1470180 0.219950130023 5 F
801267 1491103 0.0 0 F
801267 1507536 0.0 0 F
801267 1509559 0.0 0 F
801267 1511245 0.0 0 F
801267 1522795 0.0 0 F
801267 1522973 0.233375277761 5 F
801267 1535139 0.0 0 F
801267 1535910 0.211453590047 4 F
801267 1561898 0.210438573694 3 F
801267 1575351 0.0 0 F
801267 1594281 0.222072905126 4 F
801267 1632658 0.0 0 F
801267 1637642 0.0 0 F
801267 1668311 0.226804430902 3 F
801267 1673076 0.233566152082 5 F
801267 1728446 0.239269691137 3 F
801267 1746877 0.226962069759 4 F
801267 1791934 0.263373622724 7 F
801267 1851293 0.0 0 F
801267 1858394 0.0 0 F
801267 1861258 0.0 0 F
801267 1912055 0.0 0 F
801267 1962819 0.21881621199 4 F
801267 2005725 0.215674989695 3 F
801267 2006054 0.227058714726 4 F
801267 2013753 0.175406109812 3 F
801267 2047482 0.210394741391 3 F
801267 2062504 0.189887414684 4 F
801267 2106830 0.209506909127 3 F
801267 2193400 0.23544052123 4 F
2126295 1113601 0.0 0 T
2126295 763780 0.0 0 F
2126295 1024283 0.0 0 F
473596 2905 0.0 0 T
473596 5410 0.0 0 T
473596 68737 0.0 0 T
473596 135857 0.0813645672155 5 T
473596 152377 0.0 0 T
473596 161652 0.0 0 T
473596 161800 0.0 0 T
473596 165976 0.0 0 T
473596 170226 0.0 0 T
473596 175293 0.073397245308 4 T
473596 179018 0.0 0 T
473596 191303 0.0 0 T
473596 207460 0.0671117190271 7 T
473596 214215 0.0 0 T
473596 272404 0.0 0 T
473596 275721 0.0 0 T
473596 277776 0.0 0 T
473596 311571 0.0 0 T
473596 316248 0.0 0 T
473596 349853 0.0 0 T
473596 359301 0.0 0 T
473596 366969 0.0 0 T
473596 441481 0.0 0 T
473596 448066 0.0672483222418 5 T
473596 449126 0.0 0 T
473596 466141 0.0 0 T
473596 490909 0.0 0 T
473596 557539 0.0 0 T
473596 578891 0.0 0 T
473596 584544 0.0 0 T
473596 621975 0.0 0 T
473596 637840 0.0 0 T
473596 639900 0.0626401061016 5 T
473596 649483 0.0 0 T
473596 652166 0.0 0 T
473596 696462 0.0 0 T
473596 710077 0.0 0 T
473596 733355 0.0 0 T
473596 746535 0.0 0 T
473596 803076 0.0 0 T
473596 814060 0.0 0 T
473596 817692 0.0463929265578 3 T
473596 833408 0.0 0 T
473596 835353 0.0729293041454 5 T
473596 858158 0.0 0 T
473596 872890 0.0 0 T
473596 898767 0.0 0 T
473596 901572 0.0 0 T
473596 920624 0.0 0 T
473596 1013215 0.0 0 T
473596 1023172 0.0 0 T
473596 1049536 0.0681146889868 4 T
473596 1061455 0.0 0 T
473596 1129922 0.0 0 T
473596 1150610 0.0 0 T
473596 1152781 0.0 0 T
473596 1197773 0.0 0 T
473596 1203432 0.0805844710878 5 T
473596 1210100 0.0 0 T
473596 1223857 0.0 0 T
473596 1245045 0.0766290979302 5 T
473596 1250211 0.0 0 T
473596 1258265 0.0 0 T
473596 1298502 0.0 0 T
473596 1356518 0.0 0 T
473596 1356981 0.0 0 T
473596 1363709 0.0 0 T
473596 1383319 0.0 0 T
473596 1389852 0.0 0 T
473596 1397880 0.0 0 T
473596 1403181 0.0 0 T
473596 1407744 0.0 0 T
473596 1438809 0.0 0 T
473596 1443596 0.0 0 T
473596 1455577 0.0 0 T
473596 1464068 0.0 0 T
473596 1478751 0.0 0 T
473596 1532105 0.0 0 T
473596 1544393 0.0821525735085 5 T
473596 1559752 0.0881792556688 7 T
473596 1565455 0.0 0 T
473596 1579298 0.0 0 T
473596 1621149 0.0 0 T
473596 1637283 0.0 0 T
473596 1662269 0.065315843564 8 T
473596 1665592 0.0526914904868 2 T
473596 1667054 0.0 0 T
473596 1674066 0.0 0 T
473596 1674117 0.0717435627844 4 T
473596 1692929 0.0 0 T
473596 1694407 0.0 0 T
473596 1707241 0.0 0 T
473596 1747380 0.0618451559988 4 T
473596 1761556 0.0 0 T
473596 1761740 0.0 0 T
473596 1764439 0.0 0 T
473596 1798734 0.0 0 T
473596 1813718 0.0 0 T
473596 1824417 0.0 0 T
473596 1858177 0.0 0 T
473596 1885436 0.0 0 T
473596 1888253 0.0 0 T
473596 1895183 0.0 0 T
473596 1906562 0.0 0 T
473596 1954807 0.0 0 T
473596 1978237 0.0 0 T
473596 1980220 0.0 0 T
473596 1989000 0.0828456910135 5 T
473596 1990568 0.0263326710334 1 T
473596 2003466 0.0 0 T
473596 2007194 0.0 0 T
473596 2019685 0.0592198850316 5 T
473596 2025386 0.0 0 T
473596 2056517 0.0727978555972 5 T
473596 2070453 0.0761930585027 7 T
473596 2090704 0.0 0 T
473596 2112896 0.0 0 T
473596 2117668 0.0 0 T
473596 2132739 0.0844757199711 5 T
473596 2133686 0.0 0 T
473596 2153108 0.0761770642825 4 T
473596 2161146 0.0 0 T
473596 2166526 0.0 0 T
473596 2197220 0.0 0 T
473596 2211831 0.0 0 T
473596 2232809 0.0 0 T
473596 2249940 0.0 0 T
473596 281525 0.0 0 F
1632645 690585 0.0 0 T
1632645 833851 0.0 0 T
1632645 2176189 0.0 0 F
1997314 3572 0.0 0 T
1997314 103258 0.0 0 T
1997314 665578 0.0 0 T
1997314 1057562 0.0544217687075 3 T
1997314 1235966 0.0 0 T
1997314 1301563 0.0 0 T
1997314 1347006 0.0 0 T
1997314 1899545 0.0488095238095 2 T
1997314 2027141 0.0 0 T
1997314 252572 0.0994191049914 1 F
1997314 956825 0.0 0 F
1997314 1406208 0.0994191049914 1 F
1997314 1448259 0.0 0 F
1997314 1735754 0.0 0 F
1997314 2191808 0.0 0 F
2281229 485268 0.0 0 T
2281229 830340 0.132001332001 4 T
2281229 1141001 0.135772122614 2 T
2281229 1520631 0.125095492743 4 T
2281229 1854514 0.0 0 T
2281229 926261 0.133628188117 5 F
2281229 1618828 0.0 0 F
2281229 2243123 0.0 0 F
573186 395455 0.0 0 T
573186 558529 0.0 0 T
573186 592859 0.0 0 T
573186 607631 0.0 0 T
573186 649840 0.106233733429 4 T
573186 669297 0.0 0 T
573186 704404 0.146098031062 5 T
573186 758915 0.146098031062 6 T
573186 1049020 0.0 0 T
573186 1147441 0.0 0 T
573186 1734634 0.132565240949 4 T
573186 2124115 0.0877000495873 2 T
573186 58200 0.0 0 F
573186 62894 0.0 0 F
573186 250043 0.0 0 F
573186 527625 0.0 0 F
573186 644836 0.0977647352647 4 F
573186 657346 0.0 0 F
573186 725741 0.0 0 F
573186 730843 0.0 0 F
573186 832466 0.0884155886349 7 F
573186 845186 0.0 0 F
573186 969322 0.0 0 F
573186 970365 0.0 0 F
573186 983026 0.0 0 F
573186 994528 0.124352129352 3 F
573186 1091447 0.0 0 F
573186 1184766 0.0 0 F
573186 1357097 0.103275497245 6 F
573186 1382947 0.0 0 F
573186 1467887 0.0 0 F
573186 1570886 0.0 0 F
573186 1805186 0.0 0 F
573186 1807885 0.0941212491212 4 F
573186 1984598 0.0 0 F
573186 1990905 0.0 0 F
573186 1992522 0.0 0 F
1858062 298531 0.0 0 T
1858062 548815 0.0 6 T
1858062 698514 0.0 0 T
1858062 781681 0.0 0 T
1858062 1049527 0.0 0 T
1858062 1207396 0.0 0 T
1858062 1901811 0.0 0 T
1858062 2037317 0.0 0 T
1858062 364057 0.0 0 F
1702317 81472 0.0 0 T
1702317 103191 0.0 0 T
1702317 120825 0.0 0 T
1702317 132696 0.0 0 T
1702317 191119 0.0 0 T
1702317 237925 0.0 0 T
1702317 346028 0.0 0 T
1702317 447537 0.0 0 T
1702317 462383 0.0 0 T
1702317 565162 0.0 0 T
1702317 631982 0.0 0 T
1702317 798921 0.0 0 T
1702317 808432 0.0 0 T
1702317 843874 0.0 0 T
1702317 1304066 0.0 0 T
1702317 1319927 0.0 0 T
1702317 1500865 0.0 0 T
1702317 1666307 0.0 0 T
1702317 1831088 0.0 0 T
1702317 1846493 0.0 0 T
1702317 1936895 0.0 0 T
1702317 1945079 0.0 0 T
1702317 1966937 0.0 0 T
1702317 2047437 0.0 0 T
1702317 2061261 0.0 0 T
1702317 2073426 0.0 0 T
1702317 2222745 0.0 0 T
1702317 184491 0.0 0 F
1702317 1950579 0.0 0 F
2196568 29087 0.0 0 T
2196568 34802 0.0 0 T
2196568 85548 0.0315496871826 5 T
2196568 114270 0.0 0 T
2196568 114528 0.0 0 T
2196568 132489 0.0 0 T
2196568 134638 0.0 0 T
2196568 134930 0.0 0 T
2196568 145278 0.0 0 T
2196568 160544 0.0 0 T
2196568 169751 0.0446047008547 6 T
2196568 173983 0.0 0 T
2196568 228717 0.0 0 T
2196568 242333 0.0394822191697 5 T
2196568 303248 0.0 0 T
2196568 406983 0.0 0 T
2196568 415204 0.0 0 T
2196568 422672 0.0 0 T
2196568 519845 0.0 0 T
2196568 533889 0.0 0 T
2196568 544871 0.0 0 T
2196568 569348 0.0 0 T
2196568 633592 0.0 0 T
2196568 640672 0.0 0 T
2196568 665228 0.0 0 T
2196568 711495 0.0 0 T
2196568 817826 0.0403940422323 4 T
2196568 905701 0.0 0 T
2196568 943687 0.0 0 T
2196568 1090402 0.0 0 T
2196568 1212967 0.0 0 T
2196568 1240187 0.0 0 T
2196568 1299706 0.0 0 T
2196568 1335377 0.0 0 T
2196568 1344441 0.0365384615385 4 T
2196568 1367663 0.0 0 T
2196568 1420017 0.0 0 T
2196568 1426156 0.0 0 T
2196568 1427231 0.0 0 T
2196568 1478381 0.0 0 T
2196568 1576991 0.0 0 T
2196568 1581494 0.0 0 T
2196568 1605087 0.0 0 T
2196568 1659025 0.0 0 T
2196568 1662470 0.0 0 T
2196568 1669135 0.0 0 T
2196568 1725800 0.0 0 T
2196568 1826680 0.0 0 T
2196568 1903531 0.0 0 T
2196568 1904667 0.0 0 T
2196568 1947814 0.0 0 T
2196568 1962662 0.0 0 T
2196568 2048434 0.0 0 T
2196568 2054820 0.0 0 T
2196568 2069474 0.0355180533752 6 T
2196568 2227501 0.0 0 T
2196568 569348 0.0 0 T
981522 33656 0.185266027911 3 T
981522 407495 0.15177048233 4 T
981522 422684 0.0 0 T
981522 585627 0.185266027911 3 T
981522 1646254 0.0 0 T
981522 2024666 0.0 0 T
981522 64975 0.0 0 F
981522 124197 0.157407866539 3 F
981522 149366 0.130346323923 5 F
981522 152484 0.0 0 F
981522 220586 0.0 0 F
981522 271539 0.0 0 F
981522 330959 0.171770823783 4 F
981522 357881 0.160095551513 4 F
981522 449264 0.0 0 F
981522 622484 0.16969851052 5 F
981522 644432 0.0 0 F
981522 666059 0.0 0 F
981522 687921 0.0 0 F
981522 811451 0.0 0 F
981522 1124017 0.184668805135 6 F
981522 1151784 0.0 0 F
981522 1154621 0.16693886086 5 F
981522 1200919 0.153936106222 5 F
981522 1287786 0.0 0 F
981522 1383181 0.158682369861 5 F
981522 1401730 0.0 0 F
981522 1462656 0.0 0 F
981522 1580478 0.0 0 F
981522 1614977 0.171736745863 5 F
981522 1732170 0.0 0 F
981522 1790095 0.0 0 F
981522 1898077 0.17677410289 6 F
981522 1911820 0.13635820328 5 F
981522 1955886 0.0 0 F
981522 2066958 0.171220254675 5 F
981522 2091290 0.160099279378 5 F
981522 2104638 0.0 0 F
981522 2125577 0.0 0 F
981522 2125968 0.145177284058 4 F
981522 2134962 0.159514083848 4 F
981522 2213601 0.153252677185 5 F
1753941 1805409 0.0 0 T
1753941 1948615 0.342592592593 3 T
1753941 2011391 0.345238095238 4 T
1753941 784291 0.0 0 F
1753941 1370316 0.187830687831 4 F
1505815 42703 0.0 0 T
1505815 824079 0.0 0 T
1505815 1084819 0.0 0 T
1505815 1101338 0.0828331332533 4 T
1505815 1667537 0.0778533635676 3 T
1505815 2034899 0.0 0 T
1505815 2078527 0.0 0 T
1505815 76017 0.077731092437 4 F
1301016 189157 0.14461722488 4 T
1301016 1139049 0.0 0 T
1301016 1139860 0.0 0 T
1301016 1192643 0.0 0 T
1301016 1244475 0.0 0 T
1301016 1301150 0.0 0 T
1301016 1529376 0.208064019314 3 T
1301016 1600811 0.0 0 T
1301016 1688126 0.0843298995931 1 T
1301016 1733532 0.149920634921 3 T
1301016 1760881 0.0 0 T
1301016 2018042 0.225101214575 8 T
1301016 2070970 0.223485987697 7 T
1301016 189157 0.14461722488 4 T
1301016 191156 0.0 0 F
1301016 937186 0.0 0 F
1301016 1007684 0.0 0 F
1301016 1482102 0.0 0 F
1301016 1600811 0.0 0 T
1301016 1615038 0.0 0 F
1301016 1749748 0.114912923334 3 F
1702425 98986 0.0 0 T
1702425 147944 0.0 0 T
1702425 176770 0.0 0 T
1702425 179721 0.0 0 T
1702425 199775 0.0 0 T
1702425 271495 0.0 0 T
1702425 276096 0.0 0 T
1702425 284132 0.0 0 T
1702425 311576 0.0 0 T
1702425 339186 0.129339551223 4 T
1702425 339699 0.128076500751 5 T
1702425 373946 0.0 0 T
1702425 391417 0.145350773224 7 T
1702425 398474 0.0 0 T
1702425 409369 0.0 0 T
1702425 418924 0.0 0 T
1702425 426423 0.0 0 T
1702425 460245 0.0 0 T
1702425 466502 0.0 0 T
1702425 474348 0.0 0 T
1702425 478359 0.0 0 T
1702425 489997 0.0 0 T
1702425 493739 0.0 0 T
1702425 505983 0.0 0 T
1702425 532516 0.0 0 T
1702425 536613 0.0 0 T
1702425 556686 0.0 0 T
1702425 587122 0.125882618685 2 T
1702425 603169 0.0 0 T
1702425 615173 0.0 0 T
1702425 617690 0.0 0 T
1702425 631425 0.135016744964 2 T
1702425 647725 0.0 0 T
1702425 717561 0.0 0 T
1702425 718151 0.0 0 T
1702425 736250 0.0 0 T
1702425 748661 0.135016744964 2 T
1702425 750353 0.0 0 T
1702425 755490 0.0 0 T
1702425 821116 0.117697075525 6 T
1702425 824999 0.0 0 T
1702425 849752 0.135016744964 2 T
1702425 852228 0.135016744964 2 T
1702425 909221 0.135016744964 2 T
1702425 925972 0.0 0 T
1702425 942307 0.135016744964 2 T
1702425 942723 0.0 0 T
1702425 945372 0.0 0 T
1702425 1006805 0.111403399186 3 T
1702425 1040120 0.0 0 T
1702425 1045178 0.0 0 T
1702425 1061883 0.0 0 T
1702425 1063407 0.0 0 T
1702425 1121984 0.124957642085 4 T
1702425 1146173 0.0 0 T
1702425 1165428 0.0 0 T
1702425 1191801 0.0 0 T
1702425 1195299 0.0 0 T
1702425 1221208 0.135016744964 2 T
1702425 1236086 0.0 0 T
1702425 1237048 0.0 0 T
1702425 1247127 0.0 0 T
1702425 1289150 0.0 0 T
1702425 1306898 0.0 0 T
1702425 1320347 0.0 0 T
1702425 1359664 0.118688284539 4 T
1702425 1390441 0.0 0 T
1702425 1415311 0.0 0 T
1702425 1424748 0.0 0 T
1702425 1461454 0.0 0 T
1702425 1479764 0.0 0 T
1702425 1504487 0.0 0 T
1702425 1509976 0.0 0 T
1702425 1518204 0.0 0 T
1702425 1526309 0.0 0 T
1702425 1554927 0.0 0 T
1702425 1594133 0.0 0 T
1702425 1595231 0.0 0 T
1702425 1609120 0.0 0 T
1702425 1630961 0.0 0 T
1702425 1650499 0.0 0 T
1702425 1669819 0.0 0 T
1702425 1695250 0.14133985668 5 T
1702425 1696630 0.0 0 T
1702425 1717533 0.0 0 T
1702425 1728208 0.0 0 T
1702425 1735870 0.0 0 T
1702425 1749646 0.129339551223 4 T
1702425 1749999 0.0 0 T
1702425 1778277 0.0 0 T
1702425 1783753 0.0 0 T
1702425 1805082 0.0 0 T
1702425 1806802 0.0 0 T
1702425 1815683 0.135016744964 2 T
1702425 1840762 0.0 0 T
1702425 1861178 0.125635322917 4 T
1702425 1862962 0.0 0 T
1702425 1903493 0.12758034158 8 T
1702425 1937934 0.0 0 T
1702425 1939766 0.125882618685 2 T
1702425 1945224 0.0 0 T
1702425 1972045 0.0 0 T
1702425 2107497 0.0 0 T
1702425 2191180 0.0 0 T
1702425 2211847 0.0 0 T
1702425 2223139 0.0 0 T
1702425 2223550 0.0 0 T
1702425 10507 0.0 0 F
1702425 10621 0.0 0 F
1702425 49415 0.122338944882 7 F
1702425 54895 0.130353404393 4 F
1702425 97270 0.0 0 F
1702425 99423 0.0 0 F
1702425 104650 0.16675346346 5 F
1702425 109857 0.113034211033 3 F
1702425 114064 0.0 0 F
1702425 119874 0.129451024337 7 F
1702425 123966 0.0 0 F
1702425 140548 0.158969249375 4 F
1702425 152702 0.0 0 F
1702425 181835 0.124571019322 4 F
1702425 194144 0.125521673236 6 F
1702425 196777 0.0 0 F
1702425 201005 0.137373623652 2 F
1702425 219921 0.0 0 F
1702425 230688 0.0 0 F
1702425 232580 0.0 0 F
1702425 258059 0.0 0 F
1702425 266489 0.0 0 F
1702425 330232 0.0 0 F
1702425 392975 0.0 0 F
1702425 404326 0.124720188334 3 F
1702425 436514 0.0 0 F
1702425 448125 0.123721157386 3 F
1702425 452455 0.154106607911 3 F
1702425 464698 0.0 0 F
1702425 472263 0.0 0 F
1702425 476170 0.121582437159 4 F
1702425 503405 0.120801461991 6 F
1702425 532253 0.115167052457 3 F
1702425 553434 0.0 0 F
1702425 564385 0.136488258142 2 F
1702425 574711 0.127241081657 4 F
1702425 607947 0.0 0 F
1702425 630719 0.0 0 F
1702425 642628 0.12333338339 4 F
1702425 642987 0.0 0 F
1702425 664229 0.0 0 F
1702425 674522 0.127516771565 7 F
1702425 674644 0.163864282337 5 F
1702425 675564 0.132709924384 4 F
1702425 746228 0.138535790989 2 F
1702425 747776 0.0 0 F
1702425 762761 0.136039642187 5 F
1702425 771975 0.154013137976 4 F
1702425 790442 0.121717396105 7 F
1702425 818053 0.086783101324 2 F
1702425 830662 0.0 0 F
1702425 841102 0.16580797112 4 F
1702425 842566 0.0 0 F
1702425 845954 0.0 0 F
1702425 848397 0.0 0 F
1702425 850995 0.0 0 F
1702425 858398 0.0 0 F
1702425 874110 0.0 0 F
1702425 875408 0.0 0 F
1702425 928816 0.0 0 F
1702425 931020 0.146321991601 6 F
1702425 994804 0.130249720937 5 F
1702425 1011525 0.16563900849 6 F
1702425 1017580 0.0 0 F
1702425 1020307 0.148325978775 3 F
1702425 1039632 0.13550546936 5 F
1702425 1058812 0.127180698042 3 F
1702425 1083133 0.0 0 F
1702425 1103305 0.0 0 F
1702425 1136143 0.163367478179 4 F
1702425 1165360 0.11336425912 3 F
1702425 1167350 0.0 0 F
1702425 1167573 0.0 0 F
1702425 1196174 0.0 0 F
1702425 1198964 0.0 0 F
1702425 1223217 0.0 0 F
1702425 1239689 0.0 0 F
1702425 1286468 0.137800951906 2 F
1702425 1305690 0.0 0 F
1702425 1396673 0.153912428822 4 F
1702425 1404381 0.0 0 F
1702425 1425898 0.137198809181 3 F
1702425 1426605 0.0 0 F
1702425 1451335 0.0 0 F
1702425 1489644 0.152257741717 3 F
1702425 1490669 0.133283579914 3 F
1702425 1525621 0.0 0 F
1702425 1551492 0.0 0 F
1702425 1558239 0.170397469794 5 F
1702425 1641417 0.129627122062 5 F
1702425 1653718 0.12189022586 4 F
1702425 1657510 0.119061360438 4 F
1702425 1667634 0.114973559515 2 F
1702425 1683526 0.0 0 F
1702425 1722382 0.0 0 F
1702425 1731352 0.0 0 F
1702425 1731509 0.0 0 F
1702425 1734991 0.124571019322 4 F
1702425 1738189 0.0 0 F
1702425 1831463 0.153016334078 3 F
1702425 1848080 0.0 0 F
1702425 1852560 0.0 0 F
1702425 1891708 0.0 0 F
1702425 1907999 0.0 0 F
1702425 1918847 0.0 0 F
1702425 1971900 0.0 0 F
1702425 2007943 0.0 0 F
1702425 2057291 0.0 0 F
1702425 2104243 0.141934858809 3 F
1702425 2148401 0.127215442662 4 F
1702425 2148706 0.0 0 F
1702425 2175228 0.0 0 F
1702425 2193669 0.135049256346 4 F
1702425 2195868 0.136059284247 7 F
1702425 2237825 0.0 0 F
252442 830415 0.222222222222 2 T
252442 836112 0.222222222222 2 T
252442 909639 0.222222222222 3 T
252442 964235 0.0 0 T
252442 1028375 0.0 0 T
252442 1371059 0.0 0 T
252442 1659611 0.0 0 T
252442 759700 0.0 0 F
252442 977133 0.0 0 F
252442 1940549 0.0 0 F
2070959 169177 0.0 0 T
2070959 231309 0.369648829431 4 T
2070959 400717 0.0 0 T
2070959 584178 0.244180602007 4 T
2070959 712482 0.369648829431 4 T
2070959 911335 0.329877174108 5 T
2070959 1060910 0.0 0 T
2070959 1134957 0.271645411445 3 T
2070959 1273499 0.352411067194 3 T
2070959 1650945 0.216587771203 4 T
2070959 1712512 0.25997170054 2 T
2070959 2106206 0.321353646354 4 T
2070959 2156934 0.0 0 T
2070959 666309 0.0 0 F
1167459 39284 0.0 0 T
1167459 203382 0.0 0 T
1167459 204619 0.0422770212244 4 T
1167459 364409 0.0 0 T
1167459 613753 0.0 0 T
1167459 799148 0.0 0 T
1167459 887212 0.0 0 T
1167459 1071397 0.0 0 T
1167459 1132687 0.0 0 T
1167459 1251929 0.0 0 T
1167459 1285389 0.0 0 T
1167459 1305168 0.0 0 T
1167459 1426898 0.0 0 T
1167459 1532466 0.0348143187478 3 T
1167459 1810452 0.0 0 T
1167459 1988676 0.0 0 T
1167459 2097034 0.0 0 T
1167459 2151484 0.0 0 T
1167459 2182241 0.0 0 T
1167459 2193885 0.0343079922027 6 T
1167459 177723 0.0426150847203 6 F
1167459 185932 0.0483456115035 7 F
1167459 247037 0.0 0 F
1167459 320005 0.0 0 F
1167459 334384 0.0 0 F
1167459 387019 0.0 0 F
1167459 405848 0.0 0 F
1167459 604743 0.0 0 F
1167459 615496 0.0 0 F
1167459 668625 0.0 0 F
1167459 863444 0.0 0 F
1167459 919068 0.0 0 F
1167459 930291 0.0 0 F
1167459 950331 0.0 0 F
1167459 1041585 0.0 0 F
1167459 1120099 0.0 0 F
1167459 1123217 0.0 0 F
1167459 1191397 0.0 0 F
1167459 1290731 0.0 0 F
1167459 1302487 0.0 0 F
1167459 1320013 0.0 0 F
1167459 1396023 0.0 0 F
1167459 1539538 0.0 0 F
1167459 1548802 0.0436205222909 6 F
1167459 1555055 0.0 0 F
1167459 1571418 0.0 0 F
1167459 1699006 0.0 0 F
1167459 1877095 0.0 0 F
1167459 1882929 0.0 0 F
1167459 1907330 0.0 0 F
1167459 1908556 0.0 0 F
1167459 2128117 0.0 0 F
1167459 2137228 0.0 0 F
1167459 2174926 0.0 0 F
1167459 2193897 0.0 0 F
1167459 2197531 0.0 0 F
1167459 2207800 0.0 0 F
1167459 2254247 0.0 0 F
539172 4064 0.157089844075 5 T
539172 17172 0.0 0 T
539172 37591 0.0 0 T
539172 105933 0.0 0 T
539172 134185 0.0 0 T
539172 198979 0.145273328733 2 T
539172 267715 0.121881963066 2 T
539172 327564 0.0 0 T
539172 333346 0.0 0 T
539172 340649 0.0 0 T
539172 537320 0.0 0 T
539172 690672 0.168730130828 6 T
539172 799152 0.0 0 T
539172 849864 0.0 0 T
539172 862187 0.1483090447 4 T
539172 978739 0.0 0 T
539172 1197871 0.0 0 T
539172 1223983 0.0 0 T
539172 1249608 0.128775218926 4 T
539172 1295426 0.0 0 T
539172 1316230 0.14295496234 3 T
539172 1384065 0.164187887757 5 T
539172 1390979 0.0 0 T
539172 1390994 0.0 0 T
539172 1418777 0.0 0 T
539172 1423367 0.143698246442 3 T
539172 1514900 0.0 0 T
539172 1577194 0.0 0 T
539172 1602571 0.0 0 T
539172 1694519 0.0 0 T
539172 1726538 0.164256822826 5 T
539172 1737497 0.158718024393 5 T
539172 1828181 0.0 0 T
539172 1931224 0.0 0 T
539172 1988046 0.0 0 T
539172 2025864 0.0 0 T
539172 2034553 0.0 0 T
539172 2080974 0.0 0 T
539172 2150893 0.0 0 T
539172 2204446 0.0 0 T
539172 2247213 0.150892574999 5 T
539172 2253894 0.0 0 T
539172 17005 0.0 0 F
539172 35230 0.137356229986 4 F
539172 54121 0.0 0 F
539172 76192 0.0 0 F
539172 123627 0.0 0 F
539172 136473 0.0 0 F
539172 142125 0.0 0 F
539172 147639 0.151866749475 7 F
539172 191891 0.127840833714 2 F
539172 196022 0.138853362989 5 F
539172 254255 0.145860832003 4 F
539172 309988 0.141666116173 5 F
539172 364038 0.0 0 F
539172 378302 0.0 0 F
539172 419148 0.0764207128121 1 F
539172 425597 0.137802894667 5 F
539172 483084 0.137802894667 5 F
539172 487445 0.156404609489 5 F
539172 496465 0.0 0 F
539172 526065 0.0 0 F
539172 547499 0.144286921201 4 F
539172 560213 0.148249096882 5 F
539172 580916 0.0 0 F
539172 584598 0.0 0 F
539172 585605 0.154863202385 4 F
539172 603139 0.132370090085 5 F
539172 639300 0.12586466371 4 F
539172 668014 0.0 0 F
539172 668352 0.0 0 F
539172 723095 0.0 0 F
539172 724962 0.120639897409 2 F
539172 773616 0.141549618251 3 F
539172 774928 0.0 0 F
539172 775946 0.0 0 F
539172 886161 0.0 0 F
539172 898607 0.0 0 F
539172 910690 0.162986313967 4 F
539172 920089 0.0 0 F
539172 972901 0.0 0 F
539172 978110 0.122583074565 3 F
539172 992887 0.0 0 F
539172 1035950 0.0 0 F
539172 1112602 0.0 0 F
539172 1121570 0.134478482079 2 F
539172 1124597 0.123786200052 4 F
539172 1145611 0.0 0 F
539172 1196085 0.129331037182 5 F
539172 1217576 0.104080285605 1 F
539172 1227528 0.141372675503 3 F
539172 1238245 0.0 0 F
539172 1284737 0.0 0 F
539172 1289114 0.1406540191 5 F
539172 1309511 0.138326203569 5 F
539172 1313122 0.0 0 F
539172 1316267 0.147035349118 5 F
539172 1355217 0.0 0 F
539172 1368340 0.134478482079 2 F
539172 1406769 0.0 0 F
539172 1459417 0.136868310594 2 F
539172 1501272 0.0 0 F
539172 1514093 0.0 0 F
539172 1532382 0.0 0 F
539172 1563864 0.0 0 F
539172 1578051 0.0 0 F
539172 1651689 0.0 0 F
539172 1657129 0.122447947589 4 F
539172 1681715 0.0 0 F
539172 1720175 0.156230587379 5 F
539172 1738772 0.0 0 F
539172 1747691 0.0 0 F
539172 1839562 0.0 0 F
539172 1873176 0.154672827137 5 F
539172 1895948 0.128577936984 2 F
539172 1968823 0.109967401087 2 F
539172 2003329 0.0 0 F
539172 2020694 0.109967401087 2 F
539172 2044827 0.0 0 F
539172 2076821 0.142190036911 4 F
539172 2083973 0.139983146398 4 F
539172 2132813 0.146554831616 4 F
539172 2170805 0.0 0 F
539172 2171375 0.0 0 F
539172 2181754 0.0 0 F
539172 2186436 0.0 0 F
539172 2236200 0.0 0 F
1833509 123339 0.0 0 T
1833509 206910 0.0 0 T
1833509 237948 0.0725326420891 3 T
1833509 243432 0.0 0 T
1833509 323132 0.0 0 T
1833509 339568 0.0 0 T
1833509 394097 0.0 0 T
1833509 416937 0.0 0 T
1833509 425130 0.077818627451 4 T
1833509 918463 0.0 0 T
1833509 1251622 0.0678571428571 5 T
1833509 1259298 0.0 0 T
1833509 1260165 0.0 0 T
1833509 1393324 0.0 0 T
1833509 1536050 0.0695332971898 5 T
1833509 1678706 0.0453725038402 3 T
1833509 1792058 0.0 0 T
1833509 1841214 0.0 0 T
1833509 1878925 0.0 0 T
1833509 2182921 0.0 0 T
1833509 2186575 0.0 0 T
1833509 235840 0.0 0 F
1833509 849595 0.0 0 F
1833509 993683 0.0 0 F
1833509 1108105 0.0 0 F
1833509 1300657 0.0 0 F
1833509 1314609 0.0 0 F
1833509 1727919 0.0 0 F
1833509 1940639 0.0 0 F
1915432 567052 0.0 0 T
1915432 909676 0.0 0 T
1915432 1817004 0.0 0 T
1915432 1819687 0.0 0 T
1915432 13503 0.0 0 F
1915432 2073526 0.0 2 F
760362 121478 0.148802247131 6 T
760362 221959 0.0 0 T
760362 240551 0.0 0 T
760362 421499 0.0 0 T
760362 421499 0.0 0 T
760362 421499 0.0 0 T
760362 425119 0.0 0 T
760362 463023 0.0 0 T
760362 569192 0.113564651349 6 T
760362 729845 0.0 0 T
760362 752102 0.136325428412 4 T
760362 794432 0.10658547426 3 T
760362 899536 0.0 0 T
760362 939243 0.0 0 T
760362 966445 0.0 0 T
760362 994712 0.114510786771 7 T
760362 1032793 0.0 0 T
760362 1284716 0.0736863818611 4 T
760362 1374213 0.138500389546 3 T
760362 1444974 0.0 0 T
760362 1528880 0.0 0 T
760362 1606616 0.0 0 T
760362 1606616 0.0 0 T
760362 1606616 0.0 0 T
760362 1655350 0.104119367045 3 T
760362 1996729 0.113989125062 8 T
760362 2005964 0.0 0 T
760362 2011425 0.0 0 T
760362 2037570 0.0 0 T
760362 2139989 0.0 0 T
760362 2160719 0.0 0 T
760362 2210571 0.0 0 T
760362 421426 0.0 0 F
760362 1839527 0.0 0 F
760362 2139989 0.0 0 T
842286 31771 0.140034763948 5 T
842286 60607 0.0 0 T
842286 79075 0.114500161291 3 T
842286 112907 0.0 0 T
842286 145171 0.0 0 T
842286 150529 0.0892281981291 3 T
842286 163873 0.0 0 T
842286 213233 0.0 0 T
842286 238792 0.0 0 T
842286 261446 0.0 0 T
842286 280433 0.0831909980384 2 T
842286 297520 0.0 0 T
842286 321473 0.0 0 T
842286 371643 0.0 0 T
842286 445466 0.0 0 T
842286 537850 0.0 0 T
842286 547302 0.129802767789 4 T
842286 547860 0.0 0 T
842286 570017 0.0 0 T
842286 633055 0.0 0 T
842286 650146 0.0 0 T
842286 674135 0.0706739085621 2 T
842286 677741 0.0 0 T
842286 678839 0.0 0 T
842286 709037 0.0892725857734 2 T
842286 786735 0.0 0 T
842286 831343 0.0 0 T
842286 853173 0.0 0 T
842286 875799 0.0 0 T
842286 899554 0.0 0 T
842286 941536 0.0973456597503 5 T
842286 959751 0.0 0 T
842286 959886 0.12098882738 6 T
842286 1022604 0.0 0 T
842286 1093483 0.0 0 T
842286 1106781 0.0 0 T
842286 1147375 0.0 0 T
842286 1168293 0.0 0 T
842286 1196206 0.0 0 T
842286 1200573 0.127005920599 5 T
842286 1324426 0.0 0 T
842286 1559195 0.0 0 T
842286 1727414 0.0 0 T
842286 1735326 0.0 0 T
842286 1761513 0.102160888852 4 T
842286 1780545 0.0 0 T
842286 1832641 0.0 0 T
842286 1875736 0.0 0 T
842286 1935262 0.0 0 T
842286 1940983 0.0 0 T
842286 1948929 0.0885453400981 2 T
842286 2007235 0.0 0 T
842286 2070441 0.0 0 T
842286 2191972 0.0 0 T
842286 2216131 0.141092965006 6 T
842286 2219172 0.0 0 T
842286 2229113 0.0 0 T
842286 349846 0.0 0 F
842286 419202 0.0 0 F
842286 505873 0.0 0 F
842286 1051323 0.0 0 F
842286 1087522 0.0 0 F
842286 1780539 0.0 0 F
842286 2129975 0.0 0 F
2251312 627352 0.0 0 T
2251312 1796852 0.5 3 F
2251312 1898694 0.5 3 F
2062900 1400572 0.0 0 T
2062900 1624566 0.0 0 T
2062900 1846026 0.0483621933622 3 T
2062900 2226234 0.0 0 T
2062900 91247 0.0 0 F
2062900 197656 0.0 0 F
2062900 354777 0.0 0 F
2062900 665718 0.0 0 F
2062900 700636 0.0 0 F
2062900 848002 0.0 0 F
2062900 908817 0.0 0 F
2062900 944961 0.0 0 F
2062900 1022177 0.0601904761905 4 F
2062900 1046242 0.0 0 F
2062900 1055718 0.0 0 F
2062900 1076974 0.0549042145594 3 F
2062900 1081655 0.0 0 F
2062900 1213930 0.0 0 F
2062900 1372563 0.0591870428422 5 F
2062900 1439210 0.0 0 F
2062900 1486805 0.0 0 F
2062900 1798386 0.0 0 F
2062900 1807666 0.0 0 F
2062900 2131757 0.063 6 F
2062900 2193823 0.0 0 F
2062900 2206714 0.0 0 F
1007369 195070 0.321428571429 4 T
1007369 218972 0.211111111111 5 T
1007369 540779 0.199206349206 5 T
1007369 1360278 0.0 0 T
1007369 1718731 0.0 0 T
1007369 2088011 0.0 0 T
1007369 1768834 0.0 0 F
137784 49501 0.0 0 T
137784 247872 0.0 0 T
137784 261731 0.0 0 T
137784 598615 0.0 0 T
137784 641581 0.164667934405 1 T
137784 823719 0.12514619883 3 T
137784 1349259 0.0 0 T
137784 1668991 0.141243201243 4 T
137784 1987916 0.12956043956 5 T
137784 2088564 0.0 0 T
137784 2199438 0.118867682026 5 T
137784 140702 0.0 0 F
137784 1871351 0.0 0 F
137784 2110248 0.164667934405 1 F
793148 154862 0.0 0 T
793148 182942 0.0 0 T
793148 226455 0.0 0 T
793148 263235 0.0 0 T
793148 279570 0.0593018451808 4 T
793148 322658 0.0517520491055 3 T
793148 413942 0.0 0 T
793148 520413 0.0 0 T
793148 521330 0.0 0 T
793148 647482 0.0 0 T
793148 668062 0.0 0 T
793148 687151 0.0 0 T
793148 964393 0.0 0 T
793148 1521187 0.0 0 T
793148 1607480 0.0 0 T
793148 1641953 0.04034633485 1 T
793148 1702799 0.0 0 T
793148 1868858 0.0 0 T
793148 1962417 0.0 0 T
793148 1983446 0.0554146537842 1 T
793148 2137800 0.0 0 T
793148 2227057 0.0 0 T
793148 872529 0.0 0 F
793148 2087391 0.0510697032436 5 F
39485 12282 0.0 0 T
39485 15985 0.229649426255 5 T
39485 29537 0.0 0 T
39485 34819 0.147235542236 6 T
39485 65438 0.0 0 T
39485 192620 0.0 0 T
39485 194120 0.0800267620214 1 T
39485 205098 0.0 0 T
39485 222302 0.0 0 T
39485 248043 0.0 0 T
39485 260755 0.0 0 T
39485 317378 0.162279876885 8 T
39485 320831 0.0 0 T
39485 363892 0.0 0 T
39485 543812 0.209923753235 5 T
39485 569275 0.0 0 T
39485 572306 0.16880445743 3 T
39485 594800 0.0 0 T
39485 605899 0.0 0 T
39485 627666 0.158832804737 5 T
39485 647640 0.0 0 T
39485 727931 0.124360874907 4 T
39485 730402 0.0 0 T
39485 767982 0.0 0 T
39485 907809 0.0 0 T
39485 935910 0.170813604125 5 T
39485 975805 0.0 0 T
39485 1006040 0.235733184545 7 T
39485 1090397 0.0 0 T
39485 1141339 0.0 0 T
39485 1155265 0.212121234709 5 T
39485 1161182 0.0 0 T
39485 1187896 0.0 0 T
39485 1190091 0.0 0 T
39485 1213937 0.0 0 T
39485 1214260 0.140276584742 8 T
39485 1260894 0.0 0 T
39485 1368255 0.0 0 T
39485 1455657 0.203154608333 4 T
39485 1455958 0.168166718366 3 T
39485 1590340 0.0 0 T
39485 1631644 0.198913445025 5 T
39485 1642336 0.0 0 T
39485 1661422 0.0 0 T
39485 1701546 0.0 0 T
39485 1734692 0.139356476204 8 T
39485 1763744 0.0 0 T
39485 1788522 0.188404751192 3 T
39485 1814415 0.0 0 T
39485 1818067 0.0 0 T
39485 1826140 0.0 0 T
39485 1829346 0.0 0 T
39485 1879859 0.187596744374 5 T
39485 1900598 0.0 0 T
39485 1952744 0.163418070818 5 T
39485 1972010 0.196971549772 4 T
39485 1982072 0.0479271878759 1 T
39485 2042843 0.0 0 T
39485 2058854 0.102404495645 6 T
39485 2097586 0.0 0 T
39485 2103504 0.0 0 T
39485 2163593 0.0 0 T
39485 2193780 0.191268670327 7 T
39485 29537 0.0 0 T
39485 167907 0.0 0 F
39485 472282 0.0 0 F
39485 634192 0.0 0 F
39485 1059954 0.0 0 F
39485 1335588 0.0 0 F
39485 1343323 0.0 0 F
39485 1620883 0.0 0 F
39485 1701546 0.0 0 T
39485 1705776 0.0 0 F
39485 2058854 0.102404495645 6 T
39485 2076506 0.0 0 F
39485 2126227 0.0 0 F
14910 48570 0.0 0 T
14910 62428 0.0 0 T
14910 66489 0.0 0 T
14910 214570 0.0 0 T
14910 256974 0.151900880302 5 T
14910 453234 0.142297154552 4 T
14910 469909 0.0 0 T
14910 635916 0.0 0 T
14910 680426 0.0 0 T
14910 1188516 0.0 0 T
14910 1191868 0.0 0 T
14910 1294596 0.187147812341 6 T
14910 1317902 0.0 0 T
14910 1470142 0.182133163904 8 T
14910 1549730 0.178267684435 6 T
14910 1583945 0.145243282498 5 T
14910 1585428 0.0 0 T
14910 1599443 0.214828464828 5 T
14910 1775533 0.0 0 T
14910 1790652 0.0 0 T
14910 2104333 0.0 0 T
14910 2127599 0.185544465096 3 T
14910 2168113 0.0 0 T
14910 1289340 0.124773009564 6 F
14910 1448267 0.0 0 F
1636789 87948 0.0 0 T
1636789 565788 0.185897435897 9 T
1636789 667627 0.0 0 T
1636789 1462573 0.0 0 T
1636789 649892 0.15625 5 F
1636789 1042885 0.175480769231 5 F
1636789 1279464 0.0 0 F
490050 169082 0.0931098984739 5 T
490050 248893 0.0674753655259 1 T
490050 466375 0.0 0 T
490050 489294 0.0 0 T
490050 797910 0.127664782725 6 T
490050 825741 0.10785903293 4 T
490050 956989 0.121329189898 7 T
490050 963416 0.0 0 T
490050 1021347 0.123566812816 5 T
490050 1086296 0.0 0 T
490050 1164205 0.0 0 T
490050 1168748 0.0 0 T
490050 1335574 0.0 0 T
490050 1340517 0.0 0 T
490050 1398571 0.0 0 T
490050 1421607 0.0 0 T
490050 1430821 0.0 0 T
490050 1561836 0.0 0 T
490050 1579037 0.104703380759 6 T
490050 1687894 0.0 0 T
490050 1688812 0.105882687122 6 T
490050 1709038 0.0 0 T
490050 1763685 0.0 0 T
490050 1909914 0.0 0 T
490050 2023056 0.0 0 T
490050 2209712 0.0 0 T
490050 559773 0.0689716548076 1 F
490050 1763398 0.0811385169417 1 F
2136643 9886 0.0 0 T
2136643 18078 0.0 0 T
2136643 27373 0.0355850867479 5 T
2136643 72044 0.0 0 T
2136643 96331 0.0346443228454 6 T
2136643 125830 0.0 0 T
2136643 191203 0.0 0 T
2136643 224766 0.0 0 T
2136643 271278 0.0 0 T
2136643 305112 0.0 0 T
2136643 321718 0.0 0 T
2136643 331813 0.0 0 T
2136643 347111 0.0 0 T
2136643 391174 0.0 0 T
2136643 423306 0.0 0 T
2136643 443227 0.0 0 T
2136643 524621 0.0 0 T
2136643 597457 0.0 0 T
2136643 721285 0.0464335558043 5 T
2136643 767974 0.0 0 T
2136643 882588 0.0 0 T
2136643 944241 0.0 0 T
2136643 974120 0.0 0 T
2136643 1052033 0.0 0 T
2136643 1116429 0.0 0 T
2136643 1120824 0.0 0 T
2136643 1197755 0.0 0 T
2136643 1239183 0.0 0 T
2136643 1257617 0.0 0 T
2136643 1288183 0.0515275877793 6 T
2136643 1316050 0.0 0 T
2136643 1365193 0.0 0 T
2136643 1516512 0.0 0 T
2136643 1600047 0.0 0 T
2136643 1639583 0.0 0 T
2136643 1823666 0.0 0 T
2136643 1861688 0.033398031517 4 T
2136643 1884796 0.0 0 T
2136643 1959408 0.0 0 T
2136643 1968379 0.0 0 T
2136643 2082905 0.0 0 T
2136643 2147691 0.0 0 T
2136643 2201675 0.0 0 T
2136643 2022743 0.0 5 F
293444 1500319 0.0 0 T
293444 1996083 0.0 3 T
293444 98620 0.0 0 F
760389 15363 0.0 0 T
760389 64133 0.0 0 T
760389 75515 0.0500826004002 6 T
760389 191408 0.0 0 T
760389 197330 0.0674320310134 7 T
760389 252769 0.0 0 T
760389 271522 0.0 0 T
760389 286640 0.0 0 T
760389 341334 0.0 0 T
760389 350003 0.0 0 T
760389 421563 0.0 0 T
760389 435425 0.0 0 T
760389 502781 0.0 0 T
760389 512044 0.0 0 T
760389 561686 0.0674320310134 7 T
760389 606049 0.0 0 T
760389 622897 0.0 0 T
760389 624452 0.0 0 T
760389 675060 0.0 0 T
760389 750223 0.0 0 T
760389 798827 0.0 0 T
760389 811072 0.0 0 T
760389 872646 0.0 0 T
760389 884210 0.0 0 T
760389 890452 0.0799444027986 7 T
760389 962362 0.0 0 T
760389 1112252 0.0 0 T
760389 1169380 0.0 0 T
760389 1280878 0.0 0 T
760389 1284806 0.0 0 T
760389 1349257 0.0 0 T
760389 1352975 0.0 0 T
760389 1361640 0.0 0 T
760389 1404532 0.0 0 T
760389 1445899 0.0784003831418 5 T
760389 1471712 0.0 0 T
760389 1473926 0.0 0 T
760389 1562271 0.0 0 T
760389 1568074 0.0 0 T
760389 1579078 0.0 0 T
760389 1613508 0.0 0 T
760389 1616200 0.0 0 T
760389 1695314 0.0 0 T
760389 1746680 0.0 0 T
760389 1749750 0.0 0 T
760389 1780087 0.0 0 T
760389 1789420 0.0 0 T
760389 1823095 0.0 0 T
760389 1848606 0.080316091954 5 T
760389 1874807 0.0 0 T
760389 1957002 0.0 0 T
760389 1999448 0.0 0 T
760389 2027299 0.0 0 T
760389 2078779 0.0 0 T
760389 2225364 0.0227852067209 1 T
760389 2227042 0.0817963414126 3 T
760389 899308 0.0 0 F
760389 1543321 0.0 0 F
760389 2227824 0.0 0 F
612934 569478 0.0 0 T
612934 573125 0.0 0 T
612934 882456 0.0 0 T
612934 2045367 0.0 0 T
612934 186149 0.0394736842105 5 F
612934 569478 0.0 0 T
612934 573125 0.0 0 T
612934 882456 0.0 0 T
612934 1017440 0.0394736842105 4 F
39495 790215 0.0 0 T
39495 70117 0.0 0 F
39495 108340 0.296478025536 4 F
39495 193217 0.236396863371 5 F
39495 372574 0.0 0 F
39495 651110 0.29738673444 4 F
39495 711894 0.185919447224 4 F
39495 848422 0.0 0 F
39495 981651 0.309943084092 4 F
39495 1496555 0.189807096928 4 F
39495 1745925 0.0 0 F
39495 2101299 0.250574801726 6 F
154185 1261006 0.0 0 T
154185 1631640 0.0 0 T
154185 71730 0.0 0 F
154185 652284 0.0 0 F
154185 963318 0.0 0 F
604748 138724 0.146891850839 5 T
604748 143294 0.0 0 T
604748 291632 0.286740344178 6 T
604748 534969 0.304730605652 4 T
604748 579748 0.169140085962 5 T
604748 758831 0.0 0 T
604748 818078 0.0 0 T
604748 1007037 0.0 0 T
604748 1111167 0.0 0 T
604748 1352610 0.0 0 T
604748 1362049 0.139335828313 1 T
604748 1426884 0.0 0 T
604748 1442717 0.259874515694 5 T
604748 1442717 0.259874515694 5 T
604748 1513953 0.0 0 T
604748 1546696 0.0 0 T
604748 1571928 0.255854669692 9 T
604748 1584255 0.0 0 T
604748 1591156 0.223156893611 5 T
604748 1752447 0.259874515694 4 T
604748 1752447 0.259874515694 4 T
604748 1804168 0.0 0 T
604748 1983713 0.0 0 T
604748 2053835 0.15519263445 2 T
604748 2081050 0.0 0 T
604748 2135681 0.0 0 T
604748 2185421 0.0 0 T
604748 2224629 0.0 0 T
604748 35743 0.0 0 F
604748 371959 0.0 0 F
604748 1199082 0.152593095212 4 F
604748 1442717 0.259874515694 5 T
604748 1681653 0.0 0 F
604748 1752447 0.259874515694 4 T
105037 728872 0.5 6 T
105037 913567 0.0 0 T
105037 1136266 0.5 5 T
105037 1590916 0.5 5 T
105037 1915245 0.0 0 F
375375 83740 0.0 0 T
375375 99313 0.0590939153439 5 T
375375 252807 0.0 0 T
375375 308807 0.0 0 T
375375 322092 0.0 0 T
375375 339776 0.0 0 T
375375 362926 0.0 0 T
375375 464152 0.0 0 T
375375 516598 0.0 0 T
375375 718019 0.0 0 T
375375 750247 0.0 0 T
375375 842282 0.0 0 T
375375 1112939 0.0 0 T
375375 1132000 0.0 0 T
375375 1206032 0.0 0 T
375375 1227897 0.0 0 T
375375 1342128 0.0 0 T
375375 1504773 0.0 0 T
375375 1530450 0.0 0 T
375375 1592375 0.0 0 T
375375 1631886 0.0 0 T
375375 1654254 0.0 0 T
375375 1679563 0.0 0 T
375375 1792616 0.0 0 T
375375 1844174 0.0 0 T
375375 2018827 0.0 0 T
375375 371719 0.0 0 F
375375 726660 0.0595221445221 5 F
375375 875221 0.0482525839793 3 F
375375 911800 0.0486976704649 3 F
375375 960259 0.0 0 F
375375 1226245 0.0 0 F
375375 1710619 0.0 0 F
375375 1882314 0.0 0 F
375375 1953106 0.0 0 F
375375 2159855 0.0 0 F
375375 2252906 0.0536515129188 4 F
1923665 44113 0.0379545454545 3 T
1923665 405244 0.0 0 T
1923665 444533 0.0375939849624 4 T
1923665 494962 0.0 0 T
1923665 595882 0.0401913875598 4 T
1923665 862033 0.0 0 T
1923665 1187940 0.0 0 T
1923665 1366104 0.0 0 T
1923665 1507060 0.0 0 T
1923665 1674758 0.0 0 T
1923665 1730272 0.0 0 T
1923665 1777696 0.0 0 T
1923665 1891677 0.0 0 T
1923665 2057383 0.0 0 T
1923665 2076930 0.0 0 T
1923665 313225 0.0 0 F
1923665 328767 0.0 0 F
2194293 118816 0.156736658269 3 T
2194293 122258 0.163021216657 3 T
2194293 136493 0.0 0 T
2194293 154833 0.17708264272 2 T
2194293 199825 0.0 0 T
2194293 230455 0.0961198791625 1 T
2194293 292771 0.189225329052 4 T
2194293 390160 0.180957312051 3 T
2194293 418833 0.0 0 T
2194293 521073 0.0 1 T
2194293 565977 0.126268998631 3 T
2194293 593660 0.0 0 T
2194293 619837 0.18932097744 10 T
2194293 622643 0.0 0 T
2194293 649448 0.146946307113 5 T
2194293 687281 0.0 0 T
2194293 725535 0.0 0 T
2194293 870459 0.0 0 T
2194293 899442 0.0 0 T
2194293 909875 0.0 0 T
2194293 943537 0.0 0 T
2194293 947198 0.0 0 T
2194293 981627 0.0 0 T
2194293 1044308 0.0 0 T
2194293 1080956 0.0 0 T
2194293 1088187 0.0 0 T
2194293 1093305 0.189225329052 4 T
2194293 1097370 0.186654310774 4 T
2194293 1122891 0.136658850266 3 T
2194293 1133255 0.152327400907 2 T
2194293 1144536 0.0 0 T
2194293 1158263 0.0 0 T
2194293 1175429 0.0 0 T
2194293 1207882 0.0 0 T
2194293 1228597 0.208204565834 4 T
2194293 1235489 0.0 0 T
2194293 1239793 0.0 0 T
2194293 1287427 0.0 0 T
2194293 1349582 0.0 0 T
2194293 1355714 0.0 0 T
2194293 1359458 0.0 0 T
2194293 1370969 0.254028044281 4 T
2194293 1377826 0.0 0 T
2194293 1411380 0.143541096665 6 T
2194293 1518678 0.0 0 T
2194293 1534841 0.17708264272 2 T
2194293 1549875 0.0997154368697 1 T
2194293 1560137 0.175676816226 1 T
2194293 1592175 0.0 0 T
2194293 1674442 0.0 0 T
2194293 1696583 0.0 0 T
2194293 1725297 0.189225329052 2 T
2194293 1735909 0.0 0 T
2194293 1787580 0.0 0 T
2194293 1830426 0.175676816226 1 T
2194293 1937957 0.0 0 T
2194293 2189264 0.0 0 T
2194293 323883 0.124395994094 5 F
2194293 526412 0.0 0 F
2194293 659841 0.0928309920036 1 F
2194293 852543 0.189225329052 2 F
2194293 962612 0.0 0 F
2194293 1452672 0.0 0 F
2194293 1716671 0.0 0 F
2194293 1900277 0.113690143871 6 F
2194293 1976746 0.0 0 F
408147 769085 0.0 0 T
408147 2141454 0.0 0 T
408147 2171357 0.0 0 T
408147 1472351 0.0 0 F
408147 1690644 0.0 4 F
408147 1779842 0.0 0 F
1170004 196369 0.385699022721 4 T
1170004 303867 0.414591999631 4 T
1170004 316234 0.299388842624 3 T
1170004 673449 0.342262038301 5 T
1170004 737509 0.414631705754 7 T
1170004 784635 0.452025591583 6 T
1170004 788268 0.0 0 T
1170004 819870 0.473412519085 4 T
1170004 859197 0.403364816257 5 T
1170004 870760 0.0 0 T
1170004 922837 0.0 0 T
1170004 1133175 0.0 0 T
1170004 1192038 0.452605686321 7 T
1170004 1283415 0.391878334782 4 T
1170004 1373705 0.296240017132 7 T
1170004 1456290 0.0 0 T
1170004 1665126 0.531174124019 4 T
1170004 1735442 0.372709183166 4 T
1170004 1885720 0.0 0 T
1170004 1886316 0.392831805415 5 T
1170004 1992962 0.492348230647 6 T
1170004 2087150 0.489992176372 4 T
1170004 2157643 0.319977933738 5 T
1170004 1758821 0.246009233733 6 F
449110 411473 0.555555555556 5 T
449110 1804167 0.555555555556 6 T
449110 1058940 0.555555555556 6 F
449110 1725152 0.555555555556 5 F
1124793 632575 0.0 0 T
1124793 655028 0.0 0 T
1124793 1415347 0.0 0 T
1124793 1813220 0.0 0 T
1124793 208307 0.0 0 F
1124793 632575 0.0 0 T
1124793 655028 0.0 0 T
1124793 1415347 0.0 0 T
1124793 1488233 0.0 0 F
1124793 1813220 0.0 0 T
1124793 2176557 0.0 0 F
1071704 542363 0.0 0 T
1071704 596546 0.0 0 T
1071704 607515 0.0 0 T
1071704 751330 0.0494395202618 3 T
1071704 854712 0.0 0 T
1071704 887754 0.0 0 T
1071704 1202174 0.0 0 T
1071704 1776199 0.0 0 T
1071704 1811508 0.0 0 T
1071704 1956693 0.0617715617716 3 T
1071704 1992628 0.0 0 T
1071704 2075640 0.0635584574577 5 T
1071704 2123030 0.0 0 T
1071704 2226578 0.0 0 T
1071704 296765 0.0 0 F
1071704 505298 0.0 0 F
1071704 569702 0.0489974336128 4 F
1071704 621897 0.0443018519942 3 F
1071704 647160 0.0 0 F
1071704 727958 0.0 0 F
1071704 1120344 0.0 0 F
1071704 1137461 0.0 0 F
1071704 1384293 0.0 0 F
1071704 1716750 0.0 0 F
1071704 1766750 0.0 0 F
1071704 2106115 0.0 0 F
1071704 2111671 0.0 0 F
424538 55138 0.154359163487 5 T
424538 157537 0.0 0 T
424538 648693 0.120513733685 6 T
424538 698127 0.0581810417617 1 T
424538 737672 0.0 0 T
424538 970395 0.160192779427 6 T
424538 1034474 0.0 0 T
424538 1453749 0.0 0 T
424538 1465980 0.127639819973 4 T
424538 1650532 0.0 0 T
424538 1690564 0.113769912429 5 T
424538 343343 0.0 0 F
424538 684742 0.0 0 F
424538 1046231 0.0 0 F
424538 1366581 0.0 0 F
424538 1608425 0.102516764281 3 F
424538 1799441 0.0 0 F
424538 2034980 0.0 0 F
1358430 186090 0.0 0 T
1358430 498976 0.0830314009662 8 T
1358430 657280 0.0 0 T
1358430 662967 0.0 0 T
1358430 731658 0.0 0 T
1358430 766202 0.0806750541126 4 T
1358430 824278 0.0 0 T
1358430 852189 0.0 0 T
1358430 863645 0.0 0 T
1358430 920717 0.0 0 T
1358430 927622 0.0 0 T
1358430 968274 0.0 0 T
1358430 1017370 0.0 0 T
1358430 1025797 0.0 0 T
1358430 1263597 0.0967505151099 4 T
1358430 1484547 0.0 0 T
1358430 1522181 0.0 0 T
1358430 1546531 0.0967505151099 4 T
1358430 1851588 0.0953598484848 4 T
1358430 1878838 0.0 0 T
1358430 1912104 0.0 0 T
1358430 2040780 0.0 0 T
1358430 2112823 0.0 0 T
1358430 2186280 0.103802730331 5 T
1358430 2241547 0.0 0 T
1358430 460250 0.0 0 F
1358430 864067 0.0 0 F
1358430 1518574 0.0 0 F
1358430 1620842 0.0 0 F
1358430 1625345 0.0 0 F
1358430 1985875 0.0 0 F
1358430 2024005 0.102436278999 5 F
1358430 2234737 0.101441960817 5 F
2112096 40264 0.0 0 T
2112096 53846 0.119717527743 2 T
2112096 67269 0.116143428505 7 T
2112096 93664 0.0 0 T
2112096 112299 0.0 0 T
2112096 112712 0.0 0 T
2112096 134324 0.0 0 T
2112096 142999 0.0 0 T
2112096 217166 0.0 0 T
2112096 219875 0.0 0 T
2112096 239932 0.134629062769 6 T
2112096 244570 0.0 0 T
2112096 294023 0.0 0 T
2112096 315767 0.0849126148658 4 T
2112096 346588 0.0 0 T
2112096 357171 0.0 0 T
2112096 390078 0.0 0 T
2112096 409820 0.0917597930614 3 T
2112096 419753 0.0 0 T
2112096 423221 0.0 0 T
2112096 435445 0.0 0 T
2112096 437144 0.0 0 T
2112096 469156 0.092130302924 3 T
2112096 471730 0.0910840130182 2 T
2112096 532507 0.0 0 T
2112096 537049 0.0 0 T
2112096 603334 0.0 0 T
2112096 660690 0.0 0 T
2112096 757005 0.0 0 T
2112096 789875 0.0 0 T
2112096 804064 0.123833148442 3 T
2112096 868262 0.0 0 T
2112096 872154 0.0854804198302 3 T
2112096 887023 0.10647808783 3 T
2112096 902250 0.0 0 T
2112096 910500 0.0 0 T
2112096 913961 0.0 0 T
2112096 916207 0.0 0 T
2112096 917280 0.0 0 T
2112096 931538 0.0 0 T
2112096 973042 0.0 0 T
2112096 1028326 0.0688817760343 1 T
2112096 1039162 0.0 0 T
2112096 1080343 0.0 0 T
2112096 1102177 0.0 0 T
2112096 1109015 0.0 0 T
2112096 1146807 0.0655374207269 1 T
2112096 1174041 0.107747555515 5 T
2112096 1177404 0.0 0 T
2112096 1203953 0.0770600082356 2 T
2112096 1207273 0.0 0 T
2112096 1231321 0.0704078412135 6 T
2112096 1258937 0.0 0 T
2112096 1267464 0.116143428505 7 T
2112096 1293057 0.0 0 T
2112096 1333857 0.0995079526405 1 T
2112096 1348274 0.110771707177 4 T
2112096 1467562 0.0 0 T
2112096 1476056 0.0 0 T
2112096 1492518 0.0957476434459 3 T
2112096 1545895 0.0 0 T
2112096 1560433 0.107541121385 3 T
2112096 1560548 0.0 0 T
2112096 1577114 0.0 0 T
2112096 1627256 0.0 0 T
2112096 1630051 0.0752742863883 4 T
2112096 1664695 0.0910840130182 2 T
2112096 1683878 0.0930664243911 3 T
2112096 1732101 0.0 0 T
2112096 1738997 0.0 0 T
2112096 1740216 0.0 0 T
2112096 1787981 0.0 0 T
2112096 1841008 0.0917383569073 2 T
2112096 1912349 0.0 0 T
2112096 1916687 0.0 0 T
2112096 1927373 0.0 0 T
2112096 1980397 0.0 0 T
2112096 2036655 0.0 0 T
2112096 2037084 0.0 0 T
2112096 2226175 0.0 0 T
2112096 2227368 0.0 0 T
2112096 355342 0.0 0 F
2112096 817431 0.0 0 F
2112096 1784261 0.0533873399942 1 F
2113296 156755 0.314374201068 3 T
2113296 299777 0.488767482517 5 T
2113296 313794 0.0 0 T
2113296 418818 0.0 0 T
2113296 437067 0.457656806795 3 T
2113296 445276 0.450271950272 4 T
2113296 519145 0.488767482517 4 T
2113296 1248932 0.0 0 T
2113296 1403556 0.52027972028 3 T
2113296 1421584 0.501388888889 5 T
2113296 2169244 0.251479337311 4 T
2113296 977367 0.0 0 F
1653349 330628 0.139433551198 5 T
1653349 820575 0.146408380891 4 T
1653349 917182 0.0 0 T
1653349 1267304 0.0 0 T
1653349 1270897 0.137138278388 3 T
1653349 1700710 0.135535714286 3 T
1653349 2016751 0.0 0 T
1653349 2068940 0.0 0 T
1653349 423976 0.0 0 F
1653349 431402 0.0 0 F
1653349 740628 0.0 0 F
1653349 1277556 0.0866829211657 5 F
1653349 1282520 0.0 0 F
1653349 1492909 0.0 0 F
1653349 1823123 0.0 0 F
1653349 1831892 0.0 0 F
793195 2740 0.156967064438 5 T
793195 3629 0.0 0 T
793195 37179 0.0 0 T
793195 113771 0.0 0 T
793195 130853 0.0 0 T
793195 169139 0.0 0 T
793195 199420 0.0 0 T
793195 255977 0.117114757913 3 T
793195 325558 0.0 0 T
793195 326684 0.0 0 T
793195 414367 0.126553751851 4 T
793195 471311 0.0 0 T
793195 523715 0.135038145127 3 T
793195 538666 0.0 0 T
793195 732323 0.0998319628006 3 T
793195 752945 0.0 0 T
793195 795138 0.154198092522 5 T
793195 874258 0.148637719886 4 T
793195 882324 0.175493309485 5 T
793195 1099234 0.128888415104 4 T
793195 1243245 0.0 0 T
793195 1243926 0.156967064438 5 T
793195 1253386 0.0 0 T
793195 1256762 0.0 0 T
793195 1490554 0.0 0 T
793195 1537181 0.0 0 T
793195 1552601 0.164271011639 5 T
793195 1563872 0.0 0 T
793195 1632210 0.127948157041 4 T
793195 1756153 0.0 0 T
793195 1797626 0.0 0 T
793195 1810139 0.0 0 T
793195 1946351 0.0 0 T
793195 2020614 0.129441703823 4 T
793195 2032780 0.0 0 T
793195 2056267 0.0 0 T
793195 2106096 0.0 0 T
793195 2159595 0.0 0 T
793195 2197751 0.0 0 T
793195 1912510 0.0 0 F
899696 39401 0.0 0 T
899696 895951 0.0 0 T
899696 1544438 0.0 0 T
899696 16932 0.0 0 F
899696 1078468 0.0 0 F
899696 1113887 0.0 0 F
899696 1415861 0.0 0 F
899696 1586453 0.0 0 F
645754 550897 0.0 0 T
645754 816451 0.0 0 T
645754 932449 0.0 0 F
645754 1130536 0.0 0 F
645754 1483914 0.0 0 F
965243 235865 0.0 0 T
965243 463915 0.294379276637 5 T
965243 575253 0.191820741707 3 T
965243 945679 0.25200036075 7 T
965243 987276 0.0 0 T
965243 991729 0.216478187674 4 T
965243 1177665 0.0 0 T
965243 1201310 0.380649154416 4 T
965243 1426530 0.440441919192 4 T
965243 1793072 0.349380905833 6 T
965243 1832172 0.290611042638 4 T
965243 2039868 0.292208666937 4 T
965243 1751189 0.0 0 F
1071741 303537 0.0 0 T
1071741 413701 0.0 0 T
1071741 451282 0.0 0 T
1071741 492147 0.0 0 T
1071741 540130 0.0 0 T
1071741 594186 0.250533364627 4 T
1071741 601552 0.256036635587 2 T
1071741 667239 0.277816367775 5 T
1071741 777349 0.0 0 T
1071741 784885 0.262933961979 4 T
1071741 809986 0.239451540408 3 T
1071741 911789 0.267635794801 5 T
1071741 995012 0.0 0 T
1071741 1055233 0.298723165461 5 T
1071741 1144950 0.0 0 T
1071741 1187012 0.0 0 T
1071741 1262138 0.297454456105 7 T
1071741 1320147 0.210871717172 3 T
1071741 1589666 0.255698101463 4 T
1071741 1789041 0.272114921866 5 T
1071741 1957209 0.304967836842 5 T
1071741 2100983 0.23627588357 5 T
1071741 2102014 0.257432145265 4 T
1071741 2118395 0.0 0 T
1071741 2199233 0.283118400605 5 T
1071741 835259 0.0 0 F
342654 287070 0.441558441558 6 T
342654 1250721 0.454545454545 6 T
342654 152143 0.441558441558 6 F
1199893 2224116 0.0 0 T
1199893 43688 0.0947204968944 4 F
1199893 240172 0.103768115942 5 F
1199893 296207 0.161904761905 3 F
1199893 753407 0.0 0 F
1199893 878691 0.175714285714 4 F
1199893 926732 0.0 0 F
1199893 1183309 0.0 0 F
1199893 1743623 0.0 0 F
1199893 1790419 0.0 0 F
1199893 2137207 0.0 0 F
1645185 162872 0.0 0 T
1645185 302445 0.0 0 T
1645185 466596 0.0 0 T
1645185 702089 0.0 0 T
1645185 729963 0.0 0 T
1645185 781559 0.0 0 T
1645185 849469 0.0 0 T
1645185 909239 0.0 0 T
1645185 1071512 0.0 0 T
1645185 1095944 0.0 0 T
1645185 1132501 0.0 0 T
1645185 1143794 0.0 0 T
1645185 1145435 0.0 0 T
1645185 1303969 0.0 0 T
1645185 1364695 0.0 0 T
1645185 1497986 0.0 0 T
1645185 1683461 0.0 0 T
1645185 1725489 0.0 0 T
1645185 1750847 0.0 0 T
1645185 1990116 0.0 0 T
1645185 2138304 0.0 0 T
1645185 2150931 0.0 0 T
1645185 107181 0.0 0 F
1645185 505488 0.0 0 F
1645185 585207 0.0 0 F
1645185 614020 0.0 0 F
1645185 1135608 0.0 0 F
1645185 2020012 0.0 0 F
137861 59169 0.0759641369424 3 T
137861 102212 0.0 0 T
137861 255078 0.0 0 T
137861 386240 0.0 0 T
137861 389988 0.0 0 T
137861 573777 0.0 0 T
137861 598195 0.0813549320507 4 T
137861 614527 0.0 0 T
137861 666829 0.0 0 T
137861 667871 0.0 0 T
137861 699556 0.0710261963668 2 T
137861 778570 0.0 0 T
137861 796376 0.0 0 T
137861 815581 0.0 0 T
137861 851983 0.0 0 T
137861 920509 0.0 0 T
137861 965521 0.0 0 T
137861 1060758 0.0 0 T
137861 1125739 0.0 0 T
137861 1132413 0.0 0 T
137861 1162673 0.0 0 T
137861 1282633 0.0 0 T
137861 1299467 0.0 0 T
137861 1376389 0.0751807372601 7 T
137861 1397920 0.0 0 T
137861 1466973 0.0 0 T
137861 1500762 0.0 0 T
137861 1599772 0.0826223842018 3 T
137861 1610218 0.0 0 T
137861 1613709 0.0 0 T
137861 1674914 0.0 0 T
137861 1697693 0.0 0 T
137861 1699210 0.0 0 T
137861 1701695 0.0 0 T
137861 1704337 0.0 0 T
137861 1756567 0.0 0 T
137861 1965622 0.075519931805 3 T
137861 1991955 0.0 0 T
137861 2137894 0.0 0 T
137861 2143852 0.0 0 T
137861 5684 0.0701130478727 3 F
137861 22744 0.0 0 F
137861 23456 0.0 0 F
137861 30917 0.0 0 F
137861 35733 0.0 0 F
137861 44601 0.0 0 F
137861 52575 0.0 0 F
137861 69324 0.0 0 F
137861 87128 0.0 0 F
137861 92744 0.0 0 F
137861 96534 0.0 0 F
137861 103188 0.0 0 F
137861 153806 0.0 0 F
137861 170006 0.0 0 F
137861 185030 0.0 0 F
137861 200300 0.0 0 F
137861 202716 0.0765664943355 3 F
137861 226559 0.0 0 F
137861 240618 0.0 0 F
137861 245882 0.0761057826862 2 F
137861 287902 0.0 0 F
137861 297728 0.0 0 F
137861 306538 0.0 0 F
137861 314033 0.0 0 F
137861 366247 0.0 0 F
137861 392327 0.0 0 F
137861 407246 0.0 0 F
137861 415997 0.0 0 F
137861 422883 0.0 0 F
137861 441592 0.0 0 F
137861 464041 0.0752371656685 3 F
137861 474922 0.0 0 F
137861 478529 0.0706618285677 3 F
137861 488952 0.0 0 F
137861 515189 0.0 0 F
137861 524104 0.0 0 F
137861 543489 0.0 0 F
137861 560996 0.0422049165918 1 F
137861 612112 0.0819036422112 5 F
137861 616221 0.0 0 F
137861 634925 0.0 0 F
137861 642625 0.0878188097115 6 F
137861 645936 0.0763105330392 4 F
137861 646897 0.0 0 F
137861 652164 0.0 0 F
137861 662647 0.0 0 F
137861 682974 0.0 0 F
137861 684895 0.0965025748491 6 F
137861 692957 0.0 0 F
137861 744495 0.0799832528343 6 F
137861 752460 0.0 0 F
137861 763010 0.0744077145971 4 F
137861 774938 0.0 0 F
137861 781541 0.0741305570426 6 F
137861 796108 0.0 0 F
137861 808029 0.0 0 F
137861 829285 0.087541934225 4 F
137861 829417 0.0 0 F
137861 839585 0.0 0 F
137861 865260 0.0 0 F
137861 894526 0.0 0 F
137861 917167 0.0 0 F
137861 921761 0.0 0 F
137861 934678 0.0 0 F
137861 937376 0.0771847146595 3 F
137861 944252 0.0 0 F
137861 948956 0.0 0 F
137861 965768 0.0 0 F
137861 965809 0.0876097936065 5 F
137861 992751 0.0 0 F
137861 993597 0.0 0 F
137861 1013633 0.0 0 F
137861 1024354 0.0 0 F
137861 1033382 0.0 0 F
137861 1046063 0.0 0 F
137861 1056407 0.0 0 F
137861 1072307 0.0729684008746 2 F
137861 1073843 0.0 0 F
137861 1110112 0.0 0 F
137861 1124182 0.0889584891121 5 F
137861 1135556 0.0 0 F
137861 1142706 0.0 0 F
137861 1153270 0.0438409627124 1 F
137861 1156518 0.0701996569122 4 F
137861 1159076 0.0833823609224 7 F
137861 1164474 0.0 0 F
137861 1169120 0.0 0 F
137861 1171678 0.0 0 F
137861 1175138 0.0 0 F
137861 1207333 0.0753452903507 5 F
137861 1221167 0.0819426459368 5 F
137861 1226858 0.0905329242664 4 F
137861 1241548 0.0 0 F
137861 1246483 0.0814447150949 4 F
137861 1248631 0.0 0 F
137861 1273353 0.0 0 F
137861 1287364 0.0 0 F
137861 1309288 0.0 0 F
137861 1313103 0.0 0 F
137861 1317282 0.0 0 F
137861 1362186 0.0 0 F
137861 1374306 0.0 0 F
137861 1374613 0.0 0 F
137861 1396093 0.0743616210198 5 F
137861 1397819 0.0700541225342 3 F
137861 1404337 0.0 0 F
137861 1407788 0.064883209905 1 F
137861 1423395 0.0 0 F
137861 1427057 0.0 0 F
137861 1434741 0.0 0 F
137861 1436308 0.0882801442105 5 F
137861 1471647 0.0 0 F
137861 1476820 0.0929817275338 4 F
137861 1491809 0.0 0 F
137861 1495047 0.0 0 F
137861 1495620 0.0 0 F
137861 1527319 0.0 0 F
137861 1546900 0.0 0 F
137861 1573018 0.072401814997 5 F
137861 1587009 0.0 0 F
137861 1602338 0.0 0 F
137861 1603150 0.0 0 F
137861 1615852 0.0968085260936 7 F
137861 1632715 0.0 0 F
137861 1634283 0.0784165131885 3 F
137861 1646171 0.0 0 F
137861 1667526 0.0 0 F
137861 1675242 0.0 0 F
137861 1692069 0.0784837412768 5 F
137861 1695259 0.0 0 F
137861 1699306 0.0 0 F
137861 1704338 0.0 0 F
137861 1711429 0.0 0 F
137861 1718949 0.0 0 F
137861 1729742 0.0 0 F
137861 1733531 0.0751170066667 7 F
137861 1739408 0.0 0 F
137861 1757332 0.0 0 F
137861 1763728 0.0665301152697 4 F
137861 1790615 0.0 0 F
137861 1830726 0.0 0 F
137861 1833979 0.0956260059566 4 F
137861 1874118 0.0 0 F
137861 1915622 0.0 0 F
137861 1934667 0.0 0 F
137861 1971497 0.0 0 F
137861 1977103 0.0818205980703 4 F
137861 1982697 0.0738936970899 3 F
137861 2028577 0.0 0 F
137861 2032991 0.0 0 F
137861 2038880 0.0 0 F
137861 2041581 0.0 0 F
137861 2069000 0.0 0 F
137861 2077734 0.0893834935909 7 F
137861 2088576 0.0 0 F
137861 2089071 0.049377864998 1 F
137861 2095628 0.0 0 F
137861 2095960 0.0 0 F
137861 2105166 0.087986221205 3 F
137861 2108998 0.0 0 F
137861 2111316 0.0 0 F
137861 2117478 0.0 0 F
137861 2122717 0.0 0 F
137861 2130987 0.0 0 F
137861 2153778 0.0 0 F
137861 2178572 0.0 0 F
137861 2183618 0.0 0 F
137861 2198549 0.0 0 F
137861 2199661 0.0 0 F
137861 2204417 0.0860944217011 6 F
137861 2205783 0.0 0 F
137861 2208532 0.0 0 F
498310 538070 0.117647058824 3 T
498310 549832 0.111853832442 4 T
498310 1478567 0.0 0 T
498310 1652764 0.0 0 T
498310 1719256 0.0 0 T
498310 2181076 0.110173160173 3 T
498310 1091541 0.0 0 F
492652 221661 0.0 0 T
492652 230400 0.0 0 T
492652 1762671 0.0 0 T
492652 26281 0.0 0 F
492652 62918 0.143088786143 4 F
492652 72562 0.0 0 F
492652 74793 0.0 0 F
492652 79742 0.0 0 F
492652 86458 0.0 0 F
492652 88606 0.127881999024 4 F
492652 102964 0.145449524171 6 F
492652 113742 0.131398932354 5 F
492652 155808 0.0 0 F
492652 170793 0.0 0 F
492652 176999 0.122418064389 4 F
492652 182831 0.145600118278 6 F
492652 183209 0.0 0 F
492652 193683 0.0 0 F
492652 197182 0.0 0 F
492652 205780 0.0 0 F
492652 230958 0.0 0 F
492652 236553 0.13555438626 6 F
492652 286284 0.0 0 F
492652 297402 0.0 0 F
492652 310273 0.127898825975 5 F
492652 355643 0.0 0 F
492652 363892 0.0 0 F
492652 372687 0.0 0 F
492652 379849 0.0 0 F
492652 388122 0.0 0 F
492652 388273 0.0 0 F
492652 388471 0.0 0 F
492652 395377 0.126604424258 3 F
492652 404243 0.0 0 F
492652 444757 0.0 0 F
492652 452990 0.0 0 F
492652 455538 0.142787744024 5 F
492652 482573 0.107891330688 4 F
492652 495229 0.138419075375 4 F
492652 519851 0.144095482708 5 F
492652 522054 0.12335223196 5 F
492652 528920 0.0 0 F
492652 534049 0.0 0 F
492652 562839 0.136283036922 5 F
492652 569275 0.0 0 F
492652 578555 0.0 0 F
492652 594195 0.134374406912 3 F
492652 605899 0.0 0 F
492652 612547 0.0960763404525 6 F
492652 622752 0.0 0 F
492652 633708 0.0 0 F
492652 639852 0.0 0 F
492652 670275 0.0 0 F
492652 675874 0.0 0 F
492652 683680 0.124019975585 4 F
492652 683836 0.0 0 F
492652 687387 0.0 0 F
492652 688717 0.0 0 F
492652 690721 0.0 0 F
492652 691112 0.0 0 F
492652 709647 0.0 0 F
492652 721184 0.0 0 F
492652 749023 0.123653042664 4 F
492652 758698 0.0 0 F
492652 779118 0.0 0 F
492652 782001 0.0 0 F
492652 799072 0.0 0 F
492652 800675 0.0 0 F
492652 831662 0.0 0 F
492652 846515 0.0 0 F
492652 851927 0.0 0 F
492652 863764 0.0 0 F
492652 871183 0.0 0 F
492652 879445 0.0 0 F
492652 881283 0.137055700099 4 F
492652 881688 0.118271326783 4 F
492652 883576 0.140496005452 4 F
492652 901153 0.129981566785 4 F
492652 908270 0.0 0 F
492652 918321 0.12964905699 5 F
492652 933865 0.0 0 F
492652 938131 0.125282603251 4 F
492652 938495 0.0 0 F
492652 951544 0.0 0 F
492652 977094 0.0 0 F
492652 992689 0.0 0 F
492652 1015550 0.0 0 F
492652 1032630 0.0 0 F
492652 1042004 0.0 0 F
492652 1049800 0.0 0 F
492652 1083346 0.137780823074 4 F
492652 1084540 0.0 0 F
492652 1089135 0.124205378426 6 F
492652 1090997 0.0 0 F
492652 1105355 0.135087611672 5 F
492652 1121276 0.0 0 F
492652 1131486 0.143883340598 4 F
492652 1143202 0.15055706573 4 F
492652 1143550 0.142505042867 5 F
492652 1156133 0.143208821525 6 F
492652 1158331 0.0 0 F
492652 1161221 0.0 0 F
492652 1177952 0.0 0 F
492652 1200028 0.151394327049 4 F
492652 1217653 0.0 0 F
492652 1253867 0.0 0 F
492652 1277098 0.0 0 F
492652 1290163 0.0 0 F
492652 1357369 0.0 0 F
492652 1361048 0.0 0 F
492652 1368072 0.15384956456 4 F
492652 1377526 0.141206510555 5 F
492652 1380363 0.0 0 F
492652 1381423 0.0 0 F
492652 1409031 0.0 0 F
492652 1426278 0.120744793345 1 F
492652 1468582 0.0 0 F
492652 1489044 0.0 0 F
492652 1501877 0.132555995093 3 F
492652 1520108 0.0 0 F
492652 1556726 0.0 0 F
492652 1564416 0.151361022975 6 F
492652 1567238 0.0 0 F
492652 1572727 0.0 0 F
492652 1619599 0.125831695257 4 F
492652 1634148 0.120744793345 1 F
492652 1635426 0.162299978741 6 F
492652 1677615 0.14029941183 5 F
492652 1714058 0.0 0 F
492652 1726678 0.142954597997 5 F
492652 1726854 0.0989276704872 3 F
492652 1736368 0.0 0 F
492652 1757033 0.0 0 F
492652 1766820 0.0 0 F
492652 1777212 0.136665827265 5 F
492652 1777618 0.0 0 F
492652 1797731 0.125162808123 4 F
492652 1801097 0.142998295469 5 F
492652 1817198 0.140699586696 4 F
492652 1830960 0.1384086507 5 F
492652 1839377 0.0 0 F
492652 1870738 0.142033184461 6 F
492652 1876069 0.155685370695 6 F
492652 1891756 0.0 0 F
492652 1892928 0.0 0 F
492652 1895603 0.142323362176 6 F
492652 1918484 0.0 0 F
492652 1919706 0.148596975807 6 F
492652 1924361 0.0 0 F
492652 1934898 0.119790184163 3 F
492652 1935144 0.146978925234 5 F
492652 1949854 0.0 0 F
492652 1995856 0.163633020798 7 F
492652 2019098 0.138313156992 5 F
492652 2022223 0.0 0 F
492652 2027295 0.0 0 F
492652 2036849 0.132441654591 5 F
492652 2068541 0.13143503481 4 F
492652 2077255 0.0 0 F
492652 2092445 0.0 0 F
492652 2107945 0.0 0 F
492652 2120542 0.0 0 F
492652 2127300 0.0 0 F
492652 2146354 0.145065650702 5 F
492652 2248212 0.125180934276 4 F
492652 2257940 0.0 0 F
2202253 365377 0.103448275862 3 T
2202253 365377 0.103448275862 3 T
2202253 757229 0.0 0 F
2202253 1251027 0.0 0 F
2202253 1907266 0.165517241379 4 F
2202253 1970695 0.0 0 F
1579663 884803 0.0 7 T
1579663 67911 0.0 0 F
1579663 82850 0.0 0 F
1579663 136542 0.0 0 F
1579663 216286 0.0 0 F
1579663 246477 0.0 0 F
1579663 370995 0.0 0 F
1579663 525981 0.0 0 F
1579663 589541 0.0 0 F
1579663 720137 0.0 0 F
1579663 782665 0.0 0 F
1579663 995686 0.0 0 F
1579663 1079323 0.0 0 F
1579663 1127613 0.0 0 F
1579663 1204491 0.0 0 F
1579663 1455163 0.0 0 F
1579663 1603690 0.0 0 F
1579663 1635598 0.0 0 F
1579663 1654592 0.0 0 F
1579663 1815922 0.0 0 F
1579663 1818360 0.0 0 F
1579663 1828397 0.0 0 F
1579663 1879278 0.0 0 F
1579663 1883096 0.0 0 F
1579663 1929659 0.0 0 F
1579663 1942032 0.0 0 F
1579663 1958700 0.0 0 F
1579663 1960202 0.0 0 F
1874577 347597 0.0 0 T
1874577 731211 0.0 0 T
1874577 764194 0.0 0 T
1874577 769794 0.13585998489 3 T
1874577 845149 0.0 0 T
1874577 868199 0.0 0 T
1874577 1085422 0.0 0 T
1874577 1100714 0.173921646221 4 T
1874577 1218707 0.0 0 T
1874577 1457568 0.178604405751 4 T
1874577 1617648 0.0 0 T
1874577 1655987 0.0913887589788 3 T
1874577 1821182 0.0 0 T
1874577 1903745 0.0 0 T
1874577 2152627 0.174845007255 5 T
1874577 1145043 0.0 0 F
1874577 1471387 0.0855807781016 5 F
1874577 1511314 0.0 0 F
1874577 1795898 0.0 0 F
1874577 1878039 0.0 0 F
80530 73097 0.242035315112 4 T
80530 156246 0.251123970298 5 T
80530 458077 0.273785425101 7 T
80530 473993 0.194389820706 6 T
80530 483537 0.212857322416 7 T
80530 781571 0.0 0 T
80530 801287 0.291025641026 6 T
80530 1314894 0.316239316239 8 T
80530 1805414 0.185592185592 5 T
80530 1882238 0.238711608904 5 T
80530 126988 0.0 0 F
80530 239685 0.254655067155 6 F
80530 484406 0.0 0 F
80530 628223 0.0 0 F
80530 669804 0.0 0 F
80530 721337 0.0 0 F
80530 771797 0.0 0 F
80530 816443 0.0 0 F
80530 1002092 0.0 0 F
80530 1021115 0.0 0 F
80530 1064362 0.0 0 F
80530 1553853 0.0 0 F
80530 1639314 0.0 0 F
80530 1676653 0.0 0 F
80530 1978471 0.0 0 F
80530 2077013 0.0 0 F
80530 2148515 0.0 0 F
727700 392462 0.0 0 T
727700 472544 0.166929590018 5 T
727700 556020 0.145948840084 4 T
727700 620764 0.201475127088 5 T
727700 684751 0.0 0 T
727700 715291 0.0 0 T
727700 775193 0.202564192344 7 T
727700 786072 0.0 0 T
727700 822253 0.185930735931 6 T
727700 911240 0.0 0 T
727700 1123610 0.130496511004 3 T
727700 1200953 0.202123275236 7 T
727700 1484650 0.0 0 T
727700 1489508 0.0 0 T
727700 1657081 0.0 0 T
727700 1676850 0.188187017231 5 T
727700 2153279 0.0 0 T
727700 2180884 0.0 0 T
727700 2154506 0.0 0 F
861294 69141 0.0 0 T
861294 333158 0.403205287029 4 T
861294 430250 0.403205287029 4 T
861294 768511 0.488590693194 4 T
861294 839713 0.369447219447 4 T
861294 966086 0.490596040788 3 T
861294 1445310 0.292124411536 5 T
861294 1594889 0.499904466861 6 T
861294 1642357 0.31599437382 5 T
861294 1647039 0.403205287029 4 T
861294 1832988 0.499498086455 3 T
861294 821006 0.0 0 F
1309335 20099 0.0 0 T
1309335 81293 0.0 0 T
1309335 113581 0.0 0 T
1309335 146827 0.0 0 T
1309335 172002 0.111366867205 7 T
1309335 189817 0.0 0 T
1309335 253556 0.0837787250201 3 T
1309335 294326 0.0 0 T
1309335 300090 0.0 0 T
1309335 358151 0.0 0 T
1309335 395475 0.0 0 T
1309335 402365 0.0 0 T
1309335 431013 0.0 0 T
1309335 435170 0.0 0 T
1309335 504054 0.0 0 T
1309335 551134 0.0 0 T
1309335 572016 0.0 0 T
1309335 584575 0.0 0 T
1309335 616902 0.0 0 T
1309335 689073 0.0 0 T
1309335 738140 0.0 0 T
1309335 776165 0.0 0 T
1309335 848437 0.0 0 T
1309335 895919 0.083104248762 4 T
1309335 919536 0.0507265959425 1 T
1309335 924586 0.0 0 T
1309335 952728 0.0 0 T
1309335 967236 0.109054813552 7 T
1309335 984853 0.108456442135 3 T
1309335 993745 0.0 0 T
1309335 1111803 0.108456442135 3 T
1309335 1194366 0.0 0 T
1309335 1207133 0.0 0 T
1309335 1314896 0.0 0 T
1309335 1381314 0.0 0 T
1309335 1430926 0.0 0 T
1309335 1500086 0.0 0 T
1309335 1633479 0.106500507901 3 T
1309335 1694182 0.0 0 T
1309335 1794032 0.0 0 T
1309335 1794760 0.0 0 T
1309335 1847673 0.0 0 T
1309335 1906959 0.108456442135 3 T
1309335 2005846 0.0 0 T
1309335 2032663 0.0 0 T
1309335 2079840 0.0 0 T
1309335 2085739 0.118886723451 3 T
1309335 2123456 0.110676411723 4 T
1309335 2157684 0.0 0 T
1309335 2171073 0.0 0 T
1309335 886908 0.0764645273044 5 F
1309335 1106491 0.0 0 F
1309335 1210517 0.0 0 F
1309335 1397069 0.0860009293951 4 F
1309335 1929950 0.0 0 F
15002 1296462 0.0 0 T
15002 2103611 0.0 0 F
2119497 398176 0.0 0 T
2119497 568204 0.296356154134 5 T
2119497 1022452 0.296685372241 5 T
2119497 1378729 0.0 0 T
2119497 1539941 0.0 0 T
2119497 1721253 0.295548073326 4 T
2119497 1856884 0.169191919192 3 T
2119497 2072427 0.0 0 T
2119497 939546 0.123092452585 5 F
2119497 1627449 0.0 0 F
1596061 497 0.248019108497 3 T
1596061 201433 0.0 0 T
1596061 486812 0.0 0 T
1596061 652968 0.0 0 T
1596061 681704 0.222354268674 4 T
1596061 825369 0.283991219846 3 T
1596061 885981 0.0 0 T
1596061 1139389 0.266320924505 3 T
1596061 1153422 0.199249593 4 T
1596061 1293743 0.227695774902 3 T
1596061 1343324 0.29287848436 4 T
1596061 1622275 0.287359018977 3 T
1596061 1819498 0.223868974275 3 T
1596061 2046967 0.283991219846 2 T
1596061 2067349 0.0 0 T
1596061 2222242 0.253128201869 3 T
1596061 1697218 0.0 0 F
1596061 2043192 0.0 0 F
195230 538683 0.0 0 T
195230 593197 0.0 0 T
195230 1407291 0.0 0 T
195230 279255 0.0 0 F
195230 597206 0.166666666667 5 F
195230 726089 0.166666666667 5 F
195230 910332 0.0 0 F
2063007 226418 0.49696969697 5 T
2063007 1045376 0.484848484848 5 T
2063007 1078622 0.444444444444 4 T
2063007 1746853 0.371212121212 5 F
817824 202317 0.0 0 T
817824 251282 0.0 0 T
817824 409047 0.0 0 T
817824 409047 0.0 0 T
817824 508993 0.0 0 T
817824 871363 0.0 0 T
817824 1801116 0.0 0 T
817824 178487 0.0278846153846 4 F
817824 215329 0.0 0 F
817824 795396 0.0 0 F
817824 878514 0.0 0 F
817824 901468 0.0 0 F
817824 914574 0.0 0 F
817824 1003928 0.0 0 F
817824 1191365 0.0 0 F
817824 1414913 0.0625 3 F
817824 1545896 0.0 0 F
817824 1568777 0.0 0 F
817824 1705895 0.0 0 F
817824 1794284 0.0653846153846 3 F
817824 2075249 0.0 0 F
2249841 43398 0.137444756314 4 T
2249841 53087 0.0 0 T
2249841 55524 0.0 0 T
2249841 96260 0.0 0 T
2249841 120910 0.145383826292 4 T
2249841 135534 0.0 0 T
2249841 146501 0.0 0 T
2249841 162973 0.162209939574 4 T
2249841 254493 0.141616205749 5 T
2249841 465371 0.0 0 T
2249841 466286 0.0 0 T
2249841 525671 0.0 0 T
2249841 531927 0.0 0 T
2249841 553140 0.0 0 T
2249841 836386 0.0 0 T
2249841 929671 0.161105899109 5 T
2249841 939954 0.0 0 T
2249841 984920 0.138175840583 4 T
2249841 1001166 0.0839529265061 4 T
2249841 1090848 0.0 0 T
2249841 1143181 0.185496483169 3 T
2249841 1216229 0.168949255299 5 T
2249841 1220855 0.0 0 T
2249841 1298672 0.0 0 T
2249841 1306339 0.0 0 T
2249841 1314603 0.143605778409 5 T
2249841 1359191 0.127167943252 5 T
2249841 1424498 0.0 0 T
2249841 1498166 0.0 0 T
2249841 1533257 0.0 0 T
2249841 1603024 0.0 0 T
2249841 1618332 0.0 0 T
2249841 1646695 0.0 0 T
2249841 1662207 0.0 0 T
2249841 1712993 0.0 0 T
2249841 1714360 0.0 0 T
2249841 1719934 0.0 0 T
2249841 1746497 0.133179588112 5 T
2249841 1880638 0.179231419943 5 T
2249841 1906038 0.0 0 T
2249841 1913929 0.143201984528 5 T
2249841 1983619 0.0 0 T
2249841 2015885 0.0 0 T
2249841 2056121 0.0 0 T
2249841 2076376 0.0 0 T
2249841 2113212 0.0 0 T
2249841 2143843 0.174701547468 5 T
2249841 151309 0.0 0 F
1030824 51443 0.0 0 T
1030824 271855 0.0 0 T
1030824 303767 0.0 0 T
1030824 305208 0.0 0 T
1030824 489776 0.0 0 T
1030824 525205 0.0 0 T
1030824 538903 0.0 0 T
1030824 623868 0.0 0 T
1030824 656587 0.0 0 T
1030824 774813 0.0 0 T
1030824 837202 0.0 0 T
1030824 882796 0.0 0 T
1030824 1054163 0.0 0 T
1030824 1255087 0.0 0 T
1030824 1278753 0.0 0 T
1030824 1368352 0.0 0 T
1030824 1408830 0.0 0 T
1030824 1454349 0.0592851592852 5 T
1030824 1628908 0.0 0 T
1030824 1739830 0.0587722462722 5 T
1030824 1856987 0.0 0 T
1030824 1978125 0.0 0 T
1030824 2189147 0.0 0 T
1030824 9985 0.0380677523535 3 F
1030824 111504 0.0 0 F
1030824 157293 0.0 0 F
1030824 210416 0.0 0 F
1030824 329551 0.0 0 F
1030824 583519 0.0 0 F
1030824 707088 0.0 0 F
1030824 823832 0.0 0 F
1030824 901457 0.0 0 F
1030824 1041339 0.0 0 F
1030824 1072359 0.0 0 F
1030824 1096836 0.0 0 F
1030824 1118039 0.0 0 F
1030824 1218362 0.0 0 F
1030824 1382547 0.0 0 F
1030824 1466274 0.0409757204317 5 F
1030824 1566508 0.0368715348979 2 F
1030824 1599921 0.0 0 F
1030824 1651715 0.0 0 F
1030824 1754772 0.0428543764457 5 F
563881 21010 0.0 0 T
563881 25742 0.0 0 T
563881 45514 0.0 0 T
563881 77261 0.0 0 T
563881 190110 0.0 0 T
563881 191930 0.0 0 T
563881 340769 0.0 0 T
563881 548554 0.0 0 T
563881 819157 0.0 0 T
563881 941861 0.0 0 T
563881 953373 0.0 0 T
563881 1068612 0.0 0 T
563881 1234337 0.0 0 T
563881 1240440 0.0711450965157 3 T
563881 1355144 0.0 0 T
563881 1430880 0.0 0 T
563881 1498091 0.0 0 T
563881 1503975 0.0 0 T
563881 1532613 0.0696782843286 7 T
563881 1560062 0.0 0 T
563881 1602859 0.0 0 T
563881 1644920 0.0 0 T
563881 1713453 0.0449076000277 1 T
563881 1761122 0.0 0 T
563881 1798722 0.0 0 T
563881 1799123 0.0 0 T
563881 1974927 0.0644034866625 5 T
563881 1983037 0.0718334511813 5 T
563881 2044501 0.0 0 T
563881 2077871 0.0643978605935 4 T
563881 2115686 0.0 0 T
563881 2140198 0.0 0 T
563881 2203462 0.0 0 T
563881 2228141 0.0513072938404 3 T
563881 50903 0.0 0 F
563881 287044 0.0 0 F
563881 495560 0.0 0 F
563881 621456 0.0 0 F
563881 889017 0.0 0 F
563881 1149903 0.0 0 F
563881 1175658 0.0 0 F
563881 1239647 0.0 0 F
563881 1494701 0.0 0 F
563881 1545313 0.0 0 F
563881 1788304 0.0 0 F
563881 2026180 0.0 0 F
563881 2231363 0.0 0 F
318123 145409 0.0 0 T
318123 257734 0.0962613983694 3 T
318123 368581 0.0 0 T
318123 670036 0.0 0 T
318123 744181 0.0 0 T
318123 1067522 0.0965520876076 1 T
318123 1142816 0.0 0 T
318123 1183365 0.0 0 T
318123 1479904 0.0674888377071 2 T
318123 1580124 0.0993742332531 4 T
318123 1892457 0.0851034426352 3 T
318123 2131037 0.0 0 T
318123 2166596 0.0 0 T
318123 568229 0.0 0 F
318123 739659 0.0 0 F
318123 802269 0.0 0 F
318123 1479229 0.0 0 F
318123 1788509 0.0 0 F
318123 1904384 0.0 0 F
318123 2178799 0.0 0 F
1678000 12784 0.0 0 T
1678000 516712 0.0 0 T
1678000 1379689 0.0 0 T
1678000 20814 0.0 0 F
1678000 49947 0.02090244661 4 F
1678000 146878 0.0 0 F
1678000 150297 0.0 0 F
1678000 153755 0.0 0 F
1678000 224010 0.0 0 F
1678000 224010 0.0 0 F
1678000 322302 0.0 0 F
1678000 322302 0.0 0 F
1678000 326486 0.0213237496256 5 F
1678000 384948 0.0 0 F
1678000 397085 0.0 0 F
1678000 397085 0.0 0 F
1678000 506366 0.0 0 F
1678000 528457 0.0 0 F
1678000 633303 0.0 0 F
1678000 750817 0.0218053173242 4 F
1678000 866429 0.0 0 F
1678000 918291 0.0 0 F
1678000 939452 0.0 0 F
1678000 944842 0.0 0 F
1678000 1023941 0.0 0 F
1678000 1042058 0.0 0 F
1678000 1068009 0.0 0 F
1678000 1115244 0.0 0 F
1678000 1115244 0.0 0 F
1678000 1220303 0.0 0 F
1678000 1220303 0.0 0 F
1678000 1307133 0.0 0 F
1678000 1376492 0.0 0 F
1678000 1473736 0.0 0 F
1678000 1481291 0.0 0 F
1678000 1527296 0.0 0 F
1678000 1527296 0.0 0 F
1678000 1572664 0.0 0 F
1678000 1578894 0.0 0 F
1678000 1627588 0.0 0 F
1678000 1649991 0.0 0 F
1678000 1678106 0.0 0 F
1678000 1806936 0.0 0 F
1678000 1864086 0.0 0 F
1678000 1926091 0.0 0 F
1678000 2017799 0.0216460688159 4 F
1678000 2021068 0.0 0 F
1678000 2028009 0.0 0 F
1678000 2043504 0.0 0 F
1678000 2065787 0.0 0 F
1678000 2188169 0.0 0 F
1678000 2234137 0.0 0 F
1678000 2243317 0.0 0 F
1678000 2246263 0.0 0 F
1424051 65357 0.0 0 T
1424051 176028 0.0 0 T
1424051 383244 0.0 0 T
1424051 397170 0.0 0 T
1424051 542407 0.0 0 T
1424051 572381 0.0 0 T
1424051 926270 0.0 0 T
1424051 1069612 0.0 0 T
1424051 1330190 0.0 0 T
1424051 1330190 0.0 0 T
1424051 1544402 0.0 0 T
1424051 1650048 0.0 0 T
1424051 1905009 0.0 0 T
1424051 2167465 0.0 0 T
1424051 2180471 0.0 0 T
1424051 1330190 0.0 0 T
629429 207024 0.138477089245 2 T
629429 368765 0.145573382314 5 T
629429 427765 0.134938686995 2 T
629429 553828 0.132116120341 6 T
629429 574311 0.147195526355 5 T
629429 691384 0.0 0 T
629429 806081 0.0 0 T
629429 994610 0.140585889587 3 T
629429 1041626 0.145343128577 4 T
629429 1043849 0.134884102964 3 T
629429 1085859 0.12891073235 5 T
629429 1151486 0.151766576465 5 T
629429 1286653 0.138962148895 3 T
629429 1451790 0.131061425792 5 T
629429 1487154 0.147457367271 3 T
629429 1515622 0.160302290492 2 T
629429 1520947 0.0 0 T
629429 1575842 0.150981406124 3 T
629429 1595042 0.134938686995 2 T
629429 1651277 0.125302448612 2 T
629429 1944662 0.1355897418 4 T
629429 2001016 0.145713879855 3 T
629429 2054769 0.142788809985 4 T
629429 2085959 0.127062996081 1 T
629429 2142016 0.0 0 T
629429 2155992 0.151568895673 7 T
629429 2180433 0.141568029076 3 T
629429 2218625 0.0 0 T
629429 2238569 0.0 0 T
629429 234343 0.0 0 F
629429 252069 0.0 0 F
629429 265714 0.0 0 F
629429 302748 0.131601912256 3 F
629429 321543 0.0 0 F
629429 395772 0.0 0 F
629429 400458 0.0 0 F
629429 406888 0.0 0 F
629429 427195 0.0 0 F
629429 437608 0.0 0 F
629429 466348 0.0 0 F
629429 470114 0.0 0 F
629429 488815 0.0 0 F
629429 573826 0.0 0 F
629429 600381 0.127187102125 3 F
629429 640996 0.0 0 F
629429 682505 0.116279864755 2 F
629429 716617 0.0 0 F
629429 725813 0.0 0 F
629429 764442 0.0 0 F
629429 801350 0.0 0 F
629429 833203 0.0 0 F
629429 876345 0.121209526281 3 F
629429 889549 0.0 0 F
629429 900521 0.0 0 F
629429 1063321 0.0 0 F
629429 1096217 0.0 0 F
629429 1106207 0.0 0 F
629429 1194407 0.0 0 F
629429 1222140 0.0 0 F
629429 1244881 0.0 0 F
629429 1256783 0.0 0 F
629429 1280860 0.116190278894 4 F
629429 1343386 0.0 0 F
629429 1429528 0.0 0 F
629429 1486039 0.0 0 F
629429 1497320 0.0 0 F
629429 1506766 0.0 0 F
629429 1537161 0.0 0 F
629429 1542079 0.0 0 F
629429 1609383 0.0 0 F
629429 1623416 0.0 0 F
629429 1671365 0.0 0 F
629429 1678773 0.0 0 F
629429 1772969 0.0 0 F
629429 1902675 0.0 0 F
629429 2000703 0.0 0 F
629429 2117728 0.0 0 F
629429 2126379 0.0 0 F
629429 2175469 0.0 0 F
629429 2252032 0.133841249121 5 F
883383 344905 0.0 3 T
883383 1295429 0.0 0 T
883383 1637063 0.0 0 T
883383 1298985 0.0 0 F
883383 1903935 0.0 0 F
654011 832086 0.0472349598276 5 T
654011 28100 0.055501850969 3 F
654011 138546 0.0 0 F
654011 251153 0.0 0 F
654011 490733 0.0 0 F
654011 515763 0.0 0 F
654011 532720 0.0 0 F
654011 540909 0.0 0 F
654011 628874 0.0 0 F
654011 676860 0.0 0 F
654011 716879 0.0 0 F
654011 754385 0.0 0 F
654011 805384 0.0 0 F
654011 819269 0.0 0 F
654011 915517 0.0 0 F
654011 933695 0.0623478914996 5 F
654011 969266 0.0 0 F
654011 1143798 0.0 0 F
654011 1199249 0.0 0 F
654011 1224354 0.0 0 F
654011 1235628 0.0 0 F
654011 1331676 0.0636004882493 5 F
654011 1383467 0.0 0 F
654011 1499962 0.0 0 F
654011 1573159 0.0 0 F
654011 2021404 0.0510751251492 5 F
654011 2121755 0.0 0 F
654011 2155009 0.0 0 F
2114565 61296 0.0 0 T
2114565 166196 0.0 0 T
2114565 307966 0.0 0 T
2114565 416816 0.0 0 T
2114565 504584 0.0 0 T
2114565 980007 0.0 0 T
2114565 1085788 0.11571737677 5 T
2114565 1220680 0.0 0 T
2114565 1609601 0.0 0 T
2114565 1785877 0.112955504122 5 T
2114565 2030296 0.0 0 T
2114565 2103527 0.0 0 T
2114565 2127656 0.10312410125 7 T
2114565 2188346 0.110968959716 3 T
2114565 2198899 0.112955504122 5 T
2114565 34211 0.121700765349 3 F
2114565 66265 0.137121543678 5 F
2114565 78114 0.0 0 F
2114565 94248 0.155500323556 4 F
2114565 98720 0.0 0 F
2114565 121835 0.188342740927 4 F
2114565 135772 0.0 0 F
2114565 149313 0.0 0 F
2114565 154189 0.0 0 F
2114565 204491 0.0 0 F
2114565 213482 0.0 0 F
2114565 220495 0.0 0 F
2114565 271481 0.176680249935 6 F
2114565 283169 0.0 0 F
2114565 393212 0.106310774578 3 F
2114565 471026 0.181907018933 4 F
2114565 479021 0.0 0 F
2114565 501601 0.192775269939 3 F
2114565 512082 0.0 0 F
2114565 572860 0.0 0 F
2114565 632661 0.0 0 F
2114565 635868 0.0 0 F
2114565 643792 0.0 0 F
2114565 669315 0.0 0 F
2114565 711830 0.0 0 F
2114565 736084 0.0 0 F
2114565 751141 0.0 0 F
2114565 798175 0.113911634789 8 F
2114565 804896 0.0 0 F
2114565 807462 0.174303606813 4 F
2114565 847752 0.0 0 F
2114565 910214 0.0 0 F
2114565 914369 0.127037811533 3 F
2114565 955674 0.0 0 F
2114565 988774 0.0 0 F
2114565 997394 0.0 0 F
2114565 1022253 0.0 0 F
2114565 1037864 0.144480108259 4 F
2114565 1063714 0.0 0 F
2114565 1072154 0.0 0 F
2114565 1089599 0.0 0 F
2114565 1109586 0.0 0 F
2114565 1113523 0.0 0 F
2114565 1149174 0.205738216748 8 F
2114565 1262184 0.0 0 F
2114565 1274330 0.162733372188 4 F
2114565 1286518 0.0 0 F
2114565 1330709 0.19982506052 4 F
2114565 1365661 0.0 0 F
2114565 1384451 0.0 0 F
2114565 1432328 0.0 0 F
2114565 1448947 0.138594952215 6 F
2114565 1451823 0.0 0 F
2114565 1490501 0.0 0 F
2114565 1527320 0.0 0 F
2114565 1561261 0.0 0 F
2114565 1610937 0.0 0 F
2114565 1655792 0.0 0 F
2114565 1741838 0.213608099607 8 F
2114565 1780567 0.0 0 F
2114565 1789316 0.0627651805559 4 F
2114565 1829424 0.0 0 F
2114565 1872414 0.173846714302 3 F
2114565 1892598 0.177978164489 4 F
2114565 1910392 0.0 0 F
2114565 1918038 0.0 0 F
2114565 1929980 0.192775269939 3 F
2114565 1991044 0.0 0 F
2114565 2068639 0.0 0 F
2114565 2168196 0.1881051704 4 F
2114565 2227229 0.0 0 F
2114565 2253756 0.0 0 F
416445 242264 0.0 0 T
416445 261048 0.276419156317 5 T
416445 266790 0.198802532205 5 T
416445 276318 0.217000557671 5 T
416445 322214 0.0 0 T
416445 383665 0.0 0 T
416445 420872 0.214191654228 4 T
416445 482624 0.0 0 T
416445 525967 0.0 0 T
416445 566062 0.0 0 T
416445 593411 0.0 0 T
416445 640875 0.0 0 T
416445 669075 0.222856757898 5 T
416445 710860 0.217523629811 5 T
416445 721738 0.226451791609 4 T
416445 839888 0.0 0 T
416445 842552 0.267212104972 4 T
416445 877125 0.0 0 T
416445 881939 0.0 0 T
416445 931201 0.248591237708 4 T
416445 937702 0.247518846805 3 T
416445 954322 0.0 0 T
416445 1142199 0.199581866458 2 T
416445 1143634 0.164330827727 3 T
416445 1308790 0.236625056092 4 T
416445 1373385 0.189216580196 4 T
416445 1398531 0.248751942032 5 T
416445 1438515 0.238982073627 3 T
416445 1471000 0.244384612328 4 T
416445 1491140 0.0 0 T
416445 1497612 0.0 0 T
416445 1572143 0.0 0 T
416445 1652872 0.0 0 T
416445 1657375 0.0 0 T
416445 1681223 0.0 0 T
416445 1688969 0.170244177185 1 T
416445 1708053 0.209440808488 4 T
416445 1719284 0.243967086439 5 T
416445 1825030 0.0 0 T
416445 1867723 0.233940718894 4 T
416445 1893940 0.0 0 T
416445 1909644 0.0 0 T
416445 1954547 0.226835383737 4 T
416445 1957072 0.0 0 T
416445 1984405 0.269836609447 6 T
416445 2018337 0.186019839977 5 T
416445 2050816 0.0 0 T
416445 2052859 0.0 0 T
416445 2148125 0.233813786131 5 T
416445 2150486 0.0 0 T
416445 2220366 0.200737685015 2 T
416445 2251594 0.0 0 T
416445 22962 0.0 0 F
416445 113104 0.0 0 F
416445 145676 0.0 0 F
416445 152960 0.142272688241 4 F
416445 334340 0.0 0 F
416445 444542 0.160937463181 3 F
416445 585869 0.0 0 F
416445 621685 0.0 0 F
416445 712033 0.195160018315 6 F
416445 788855 0.170607841982 5 F
416445 794856 0.0 0 F
416445 827553 0.0 0 F
416445 1006800 0.0 4 F
416445 1041606 0.0 0 F
416445 1125488 0.148256419427 4 F
416445 1277063 0.0 0 F
416445 1395343 0.0 0 F
416445 1554120 0.210756730879 4 F
416445 1653535 0.14805883587 4 F
416445 1730346 0.178900672107 5 F
416445 1754893 0.0887134252142 1 F
416445 1766115 0.0 0 F
416445 1809210 0.17877042858 4 F
416445 2025282 0.0 4 F
752320 1247070 0.0 0 T
752320 240412 0.107142857143 5 F
752320 1127899 0.0 0 F
752320 1288395 0.0 0 F
752320 1643412 0.107142857143 9 F
1260225 163765 0.0476260738409 6 T
1260225 280649 0.105072463768 5 T
1260225 555500 0.0 0 T
1260225 566610 0.0 0 T
1260225 566610 0.0 0 T
1260225 640945 0.0997442455243 4 T
1260225 644180 0.0 0 T
1260225 1005984 0.0 0 T
1260225 1053284 0.0 0 T
1260225 1386670 0.0 0 T
1260225 1469321 0.0 0 T
1260225 1469321 0.0 0 T
1260225 1562795 0.0 0 T
1260225 1562795 0.0 0 T
1260225 1564291 0.103678929766 4 T
1260225 1622928 0.0 0 T
1260225 1848895 0.0 0 T
1260225 1988198 0.0 0 T
1260225 1988198 0.0 0 T
1260225 566610 0.0 0 T
1260225 1469321 0.0 0 T
1260225 1562795 0.0 0 T
1260225 1752307 0.0 0 F
1260225 1988198 0.0 0 T
809666 327705 0.0 0 T
809666 692599 0.0 0 T
809666 1628301 0.0 0 T
809666 1921060 0.0 0 T
809666 21438 0.0 0 F
809666 138845 0.0 0 F
809666 374378 0.0 0 F
809666 391716 0.0 0 F
809666 550870 0.0 0 F
809666 569216 0.0 0 F
809666 570192 0.0 0 F
809666 611973 0.0 0 F
809666 772160 0.0 0 F
809666 783478 0.0 0 F
809666 838851 0.0 0 F
809666 868718 0.0 0 F
809666 1094541 0.0 0 F
809666 1194197 0.0 0 F
809666 1218880 0.0 0 F
809666 1233438 0.0 0 F
809666 1291534 0.0 0 F
809666 1511160 0.0 0 F
809666 1820289 0.0 0 F
809666 1908049 0.0 0 F
809666 1930703 0.0 0 F
809666 1993878 0.0 0 F
809666 2066646 0.0 0 F
875203 758115 0.0 0 T
875203 1188074 0.0 0 T
875203 1744431 0.0 0 T
875203 2178095 0.0555555555556 6 T
875203 2206735 0.0555555555556 7 T
875203 5521 0.0 0 F
875203 231868 0.0 0 F
875203 480775 0.0 0 F
875203 602251 0.0 0 F
875203 837972 0.0 0 F
875203 1043114 0.0 0 F
875203 1079000 0.0 0 F
875203 1241965 0.0 0 F
875203 1554265 0.0 0 F
875203 1803351 0.0 0 F
875203 1844835 0.0 0 F
875203 1993955 0.0 0 F
875203 2063762 0.0 0 F
875203 2208276 0.0 0 F
2216880 129943 0.0 0 T
2216880 444993 0.0 0 T
2216880 462769 0.0230717974346 4 T
2216880 494766 0.0 0 T
2216880 576404 0.0 0 T
2216880 584032 0.0 0 T
2216880 628546 0.0 0 T
2216880 753180 0.0 0 T
2216880 830520 0.0 0 T
2216880 1023033 0.0238380809595 4 T
2216880 1243474 0.0 0 T
2216880 1314590 0.0 0 T
2216880 1346264 0.0 0 T
2216880 1530313 0.0 0 T
2216880 1647165 0.0 0 T
2216880 1679684 0.0 0 T
2216880 1715957 0.0 0 T
2216880 1772235 0.0 0 T
2216880 1859448 0.0 0 T
2216880 1948256 0.0 0 T
2216880 2064672 0.0 0 T
2216880 2089721 0.0 0 T
2216880 2094424 0.0 0 T
2216880 2132902 0.0 0 T
2216880 2163541 0.0 0 T
2216880 2200082 0.0 0 T
2216880 309474 0.0199233716475 6 F
2216880 547409 0.0 0 F
2216880 901573 0.0 0 F
2216880 1321219 0.0 0 F
2087622 178813 0.0 0 T
2087622 201458 0.145141029354 5 T
2087622 261414 0.134135440573 4 T
2087622 409503 0.0 0 T
2087622 541347 0.0 0 T
2087622 573764 0.0 0 T
2087622 668990 0.0 0 T
2087622 830354 0.0 0 T
2087622 1015925 0.0 0 T
2087622 1031877 0.129387573333 3 T
2087622 1087929 0.0 0 T
2087622 1151703 0.0 0 T
2087622 1252791 0.131074484631 2 T
2087622 1253961 0.0 0 T
2087622 1387431 0.0 0 T
2087622 1479193 0.124508714969 3 T
2087622 1513520 0.136621315772 4 T
2087622 1751522 0.0 0 T
2087622 1912885 0.0 0 T
2087622 2203291 0.0 0 T
2087622 152134 0.0 0 F
2087622 205448 0.126093855235 3 F
2087622 233899 0.114420416754 4 F
2087622 239767 0.0 0 F
2087622 447823 0.0 0 F
2087622 454016 0.0 0 F
2087622 491557 0.0 0 F
2087622 514366 0.135126114508 5 F
2087622 580144 0.0 0 F
2087622 854313 0.0 0 F
2087622 860261 0.0 0 F
2087622 875632 0.137992055292 6 F
2087622 903258 0.0 0 F
2087622 949449 0.13380644768 6 F
2087622 1029744 0.0 0 F
2087622 1511967 0.142050637561 5 F
2087622 1868730 0.111453056153 3 F
2087622 1872407 0.127899442186 3 F
2087622 1984113 0.0 0 F
2087622 2049835 0.131520454568 6 F
2087622 2166040 0.0 0 F
834247 209614 0.0 0 T
834247 217165 0.0 0 T
834247 345662 0.0 0 T
834247 453432 0.0 0 T
834247 649033 0.136440296996 3 T
834247 799393 0.0 0 T
834247 825434 0.0 0 T
834247 865071 0.0 0 T
834247 865448 0.143865326153 5 T
834247 883211 0.0 0 T
834247 951308 0.0 0 T
834247 1034398 0.142458368961 4 T
834247 1057805 0.0 0 T
834247 1066614 0.0 0 T
834247 1154821 0.122879388027 2 T
834247 1273198 0.0 0 T
834247 1324984 0.0 0 T
834247 1380056 0.110872260722 1 T
834247 1393967 0.115689430206 4 T
834247 1401724 0.120202011528 2 T
834247 1584312 0.0 0 T
834247 1639086 0.0 0 T
834247 1823489 0.134401857335 5 T
834247 1936111 0.0 0 T
834247 1948473 0.140487416038 4 T
834247 2072346 0.0 0 T
834247 2170175 0.119068865458 3 T
834247 12020 0.0 0 F
834247 47396 0.0 0 F
834247 92171 0.0 0 F
834247 110427 0.0 0 F
834247 115603 0.128454844242 3 F
834247 130139 0.0 0 F
834247 181201 0.0 0 F
834247 181687 0.0 0 F
834247 190368 0.134391033149 3 F
834247 197606 0.0 0 F
834247 199381 0.114215358679 3 F
834247 199763 0.126470491513 3 F
834247 259922 0.0 0 F
834247 273122 0.0 0 F
834247 278343 0.127116904005 3 F
834247 335736 0.0 0 F
834247 361077 0.0 0 F
834247 407419 0.0 0 F
834247 510219 0.0 0 F
834247 561124 0.0974038487013 4 F
834247 561427 0.111286583827 4 F
834247 610694 0.0 0 F
834247 694116 0.0 0 F
834247 717622 0.0 0 F
834247 802563 0.0 0 F
834247 834898 0.120864502449 3 F
834247 904329 0.0 0 F
834247 922275 0.122982617346 5 F
834247 933469 0.0 0 F
834247 938455 0.0 0 F
834247 941577 0.103655322557 3 F
834247 943955 0.0 0 F
834247 987592 0.0 0 F
834247 1045503 0.0 0 F
834247 1094844 0.0 0 F
834247 1182726 0.0 0 F
834247 1215617 0.121551850502 6 F
834247 1276622 0.0 0 F
834247 1399125 0.12980910383 4 F
834247 1435123 0.0 0 F
834247 1482276 0.120190749462 5 F
834247 1592620 0.106521598604 2 F
834247 1614120 0.0 0 F
834247 1616053 0.0 0 F
834247 1660353 0.0 0 F
834247 1665735 0.0 0 F
834247 1685465 0.1207831169 3 F
834247 1775614 0.0 0 F
834247 1792266 0.109083963141 3 F
834247 1926630 0.0 0 F
834247 1964016 0.0 0 F
834247 2005171 0.0 0 F
834247 2085216 0.0 0 F
834247 2120513 0.0 0 F
834247 2122813 0.0 0 F
834247 2230405 0.104139620156 2 F
645833 60134 0.0 0 T
645833 103201 0.0 0 T
645833 113427 0.0 0 T
645833 119647 0.549095135634 3 T
645833 223340 0.544486763237 3 T
645833 306402 0.547940040729 4 T
645833 372774 0.547602860103 4 T
645833 411060 0.558724288532 6 T
645833 415723 0.55011334819 4 T
645833 507242 0.0 0 T
645833 560941 0.506309737734 3 T
645833 569995 0.552404326443 3 T
645833 602420 0.546241515921 5 T
645833 652667 0.546796340914 6 T
645833 736579 0.511086749789 6 T
645833 748664 0.546339883027 7 T
645833 814672 0.519764957265 4 T
645833 916805 0.54353979354 4 T
645833 1040473 0.545063686314 4 T
645833 1051867 0.54601903944 3 T
645833 1054840 0.38631472694 3 T
645833 1056061 0.544950663372 2 T
645833 1120245 0.0 0 T
645833 1171873 0.505407285023 5 T
645833 1220197 0.573064802844 3 T
645833 1389595 0.546339883027 4 T
645833 1400177 0.549075924076 5 T
645833 1401400 0.569539835165 4 T
645833 1411027 0.0 0 T
645833 1416753 0.0 0 T
645833 1517152 0.507566391941 3 T
645833 1562671 0.0 0 T
645833 1590882 0.545962809121 5 T
645833 1597607 0.263304149258 3 T
645833 1605956 0.0 0 T
645833 1793645 0.0 0 T
645833 1799759 0.547050865801 4 T
645833 1840942 0.547065434565 5 T
645833 1888305 0.549818023856 4 T
645833 1915821 0.0 0 T
645833 1995533 0.0 0 T
645833 2080934 0.0 0 T
645833 2101297 0.0 0 T
645833 2134174 0.547749125874 4 T
645833 2144310 0.0 0 T
645833 2197291 0.0 0 T
645833 2205294 0.50173992674 4 T
645833 2230294 0.0 0 T
645833 2245345 0.0 0 T
645833 360380 0.218191494988 5 F
645833 602197 0.0 0 F
645833 1353318 0.0 0 F
645833 1737744 0.0 0 F
449227 2320 0.0 0 T
449227 178475 0.0 0 T
449227 194881 0.0949252950847 4 T
449227 245906 0.0 0 T
449227 262695 0.0 0 T
449227 331519 0.0 0 T
449227 347075 0.0 0 T
449227 384913 0.0 0 T
449227 396530 0.0 0 T
449227 420068 0.0 0 T
449227 459141 0.0 0 T
449227 497114 0.0 0 T
449227 541937 0.0 0 T
449227 665018 0.0 0 T
449227 698507 0.0 0 T
449227 848820 0.0714440999704 4 T
449227 928069 0.0 0 T
449227 941008 0.0 0 T
449227 943905 0.0 0 T
449227 1049966 0.0986635592511 3 T
449227 1115048 0.0 0 T
449227 1169448 0.0 0 T
449227 1215291 0.091975806334 4 T
449227 1277391 0.0 0 T
449227 1302018 0.0870087841792 4 T
449227 1350782 0.0 0 T
449227 1380915 0.0 0 T
449227 1382397 0.0 0 T
449227 1414970 0.0 0 T
449227 1585542 0.0 0 T
449227 1619624 0.0 0 T
449227 1681181 0.10087379075 5 T
449227 1744173 0.0753818258904 4 T
449227 1854579 0.0 0 T
449227 1858337 0.0 0 T
449227 1864933 0.0 0 T
449227 2007772 0.0 0 T
449227 2084116 0.0644054696562 3 T
449227 2095257 0.0612264345613 1 T
449227 2103079 0.100042094259 3 T
449227 2252532 0.0 0 T
449227 1581872 0.0 0 F
449227 1947564 0.0 0 F
449227 2204248 0.0 0 F
785100 85187 0.403095662507 4 T
785100 221267 0.0 0 T
785100 472684 0.403095662507 5 T
785100 492854 0.257215007215 3 T
785100 536812 0.328431568432 4 T
785100 1236810 0.0 0 T
785100 1583998 0.31329004329 4 T
785100 1938109 0.405927072583 5 T
785100 1973189 0.358888888889 4 T
785100 2128207 0.403095662507 4 T
785100 2105918 0.285187093608 5 F
