804169 152879 0.0597447382927 2 T
804169 220504 0.0 0 T
804169 456297 0.0533544761965 2 T
804169 542523 0.0 0 T
804169 668763 0.0 0 T
804169 755235 0.0 0 T
804169 813692 0.0 0 T
804169 905643 0.0 0 T
804169 907710 0.0 0 T
804169 1026958 0.0 0 T
804169 1033082 0.0 0 T
804169 1046270 0.0653682705309 4 T
804169 1121483 0.0558759836784 3 T
804169 1168710 0.0 0 T
804169 1195127 0.0 0 T
804169 1319754 0.0 0 T
804169 1326320 0.0 0 T
804169 1343407 0.0 0 T
804169 1458399 0.0 0 T
804169 1603535 0.0 0 T
804169 1671709 0.0 0 T
804169 1709203 0.0 0 T
804169 1724563 0.0652317141723 5 T
804169 1760092 0.0 0 T
804169 1787369 0.0 0 T
804169 1872167 0.0578636164217 5 T
804169 1911800 0.0 0 T
804169 1944850 0.0 0 T
804169 2097316 0.0517947199806 5 T
804169 102417 0.0 0 F
804169 182119 0.0 0 F
804169 725863 0.0 0 F
804169 733991 0.0 0 F
804169 860905 0.0 0 F
804169 919174 0.0 0 F
804169 990805 0.0 0 F
804169 997202 0.0 0 F
804169 1016060 0.0 0 F
804169 1047238 0.0 0 F
804169 1050231 0.0 0 F
804169 1063191 0.0 0 F
804169 1071453 0.0 0 F
804169 1230920 0.0 0 F
804169 1283268 0.0 0 F
804169 1368784 0.0 0 F
804169 1462974 0.0527403414196 5 F
804169 1508772 0.0 0 F
804169 1709203 0.0 0 T
804169 1771554 0.0 0 F
804169 1783268 0.048315870014 9 F
804169 1871256 0.0 0 F
804169 1960751 0.0 0 F
804169 1977222 0.0 0 F
804169 2134375 0.0 0 F
950201 845211 0.0 0 T
950201 1263088 0.294030530873 6 T
950201 1364352 0.206103896104 6 T
950201 1511163 0.379047619048 5 T
950201 1753883 0.0 0 T
950201 2000382 0.0 0 T
950201 2044279 0.28991797676 6 T
950201 1550151 0.199134199134 6 F
1396644 412758 0.230769230769 3 T
1396644 927302 0.182891246684 3 T
1396644 948449 0.0 0 T
1396644 1054120 0.103762541806 5 T
1396644 1482678 0.0 0 T
1396644 2137616 0.230884557721 3 T
1396644 2155309 0.0 0 T
1396644 2203337 0.0 0 T
1396644 1788460 0.0 0 F
286709 24145 0.0 0 T
286709 259198 0.0 0 T
286709 336040 0.0 0 T
286709 763259 0.0 0 T
286709 870400 0.0 0 T
286709 893761 0.0 0 T
286709 1001758 0.0 0 T
286709 1184610 0.0381223328592 4 T
286709 1300733 0.0 0 T
286709 1307308 0.0 0 T
286709 1515907 0.0 0 T
286709 1594418 0.0381223328592 4 T
286709 1742687 0.0 0 T
286709 1748265 0.0 0 T
286709 1787949 0.0 0 T
286709 1812925 0.0 0 T
286709 2015333 0.0 0 T
286709 2076940 0.0 0 T
286709 24605 0.0421052631579 4 F
286709 1589275 0.0 0 F
311232 223350 0.119363619302 4 T
311232 269613 0.134677812609 4 T
311232 518844 0.0990326545882 5 T
311232 706558 0.0 0 T
311232 1284141 0.127616642617 3 T
311232 1363022 0.0 0 T
311232 1416974 0.150925925926 4 T
311232 1468921 0.0 0 T
311232 1488818 0.0 0 T
311232 1524991 0.0 0 T
311232 1699065 0.0 0 T
311232 2044379 0.0 0 T
311232 2056683 0.0 0 T
311232 2150162 0.0 0 T
311232 2196753 0.0 0 T
311232 2197704 0.0 0 T
311232 2253776 0.0 0 T
311232 466740 0.0 0 F
311232 708060 0.0 0 F
344001 7427 0.151152888622 2 T
344001 86997 0.0 0 T
344001 121785 0.0 0 T
344001 262581 0.0 0 T
344001 459683 0.135261176196 4 T
344001 561608 0.1653653019 3 T
344001 656538 0.0 0 T
344001 795705 0.157042502958 5 T
344001 834568 0.143338225078 5 T
344001 985342 0.0 0 T
344001 997454 0.0 0 T
344001 1122766 0.0 0 T
344001 1289343 0.0 0 T
344001 1313951 0.15787907078 6 T
344001 1418656 0.0 0 T
344001 1457667 0.0 0 T
344001 1520089 0.0 0 T
344001 1569095 0.137620624293 5 T
344001 1580496 0.0 0 T
344001 1601593 0.0 0 T
344001 1632585 0.164116611035 8 T
344001 1682074 0.0 0 T
344001 1707590 0.0 0 T
344001 1782002 0.0 0 T
344001 1814908 0.142272806695 3 T
344001 2125898 0.137620624293 4 T
344001 2186366 0.0 0 T
344001 2221144 0.0 0 T
344001 2251842 0.0 0 T
344001 119385 0.0 0 F
344001 251350 0.257967402852 3 F
344001 505726 0.257967402852 3 F
344001 664366 0.238947054545 1 F
344001 763106 0.171301428592 5 F
344001 873216 0.0 0 F
344001 972957 0.257967402852 3 F
344001 978143 0.0 0 F
344001 1027422 0.257967402852 3 F
344001 1034673 0.0 0 F
344001 1146104 0.186893918729 2 F
344001 1287905 0.220842013283 4 F
344001 1393002 0.0 0 F
344001 1564320 0.257967402852 3 F
344001 1868696 0.0 0 F
344001 1869826 0.259049383032 3 F
344001 1971298 0.257967402852 3 F
344001 1999950 0.0 0 F
344001 2231069 0.179865639394 4 F
1400773 22850 0.0 0 T
1400773 23874 0.0 0 T
1400773 28415 0.0 0 T
1400773 64694 0.0 0 T
1400773 86368 0.0 0 T
1400773 125347 0.0 0 T
1400773 146305 0.0 0 T
1400773 157596 0.0850504908657 2 T
1400773 170178 0.0 0 T
1400773 173114 0.0 0 T
1400773 182806 0.0 0 T
1400773 189825 0.0 0 T
1400773 196613 0.0 0 T
1400773 284759 0.0 0 T
1400773 315877 0.0 0 T
1400773 318844 0.0 0 T
1400773 348073 0.0 0 T
1400773 361111 0.0934450544943 5 T
1400773 371253 0.0 0 T
1400773 385140 0.105335547893 4 T
1400773 403994 0.0 0 T
1400773 407213 0.0 0 T
1400773 413563 0.0 0 T
1400773 431083 0.0838637063603 5 T
1400773 548071 0.0 0 T
1400773 576459 0.0 0 T
1400773 582842 0.0 0 T
1400773 651795 0.071237370604 3 T
1400773 652856 0.106193253697 4 T
1400773 662014 0.0 0 T
1400773 664996 0.0 0 T
1400773 686977 0.0 0 T
1400773 696375 0.0 0 T
1400773 702229 0.0989586643256 5 T
1400773 706801 0.0 0 T
1400773 725990 0.0967091604545 4 T
1400773 781053 0.0 0 T
1400773 784670 0.0700073872347 4 T
1400773 797608 0.0 0 T
1400773 820444 0.0 0 T
1400773 834009 0.0 0 T
1400773 847387 0.0 0 T
1400773 908738 0.0 0 T
1400773 984670 0.0 0 T
1400773 1007883 0.0735300010755 5 T
1400773 1023694 0.0 0 T
1400773 1040770 0.0814098491176 4 T
1400773 1046685 0.0751659200775 4 T
1400773 1079884 0.0 0 T
1400773 1137279 0.0 0 T
1400773 1177033 0.0 0 T
1400773 1283162 0.0647249480355 6 T
1400773 1310613 0.0 0 T
1400773 1319244 0.106193253697 4 T
1400773 1329929 0.0 0 T
1400773 1335147 0.0 0 T
1400773 1362305 0.0 0 T
1400773 1369594 0.0 0 T
1400773 1414015 0.0882550239773 5 T
1400773 1427105 0.0 0 T
1400773 1453250 0.0 0 T
1400773 1471087 0.0 0 T
1400773 1485903 0.0 0 T
1400773 1518689 0.0 0 T
1400773 1519146 0.0 0 T
1400773 1598481 0.0 0 T
1400773 1650755 0.0 0 T
1400773 1653748 0.0 0 T
1400773 1655894 0.0776730203917 4 T
1400773 1669534 0.0 0 T
1400773 1721445 0.0 0 T
1400773 1743734 0.0735817997554 3 T
1400773 1787177 0.0 0 T
1400773 1791397 0.0 0 T
1400773 1799236 0.0 0 T
1400773 1864986 0.0 0 T
1400773 1883528 0.0 0 T
1400773 1890878 0.0 0 T
1400773 1890972 0.0 0 T
1400773 1936619 0.0 0 T
1400773 1947092 0.0 0 T
1400773 1965777 0.0 0 T
1400773 1972056 0.0 0 T
1400773 2003080 0.0 0 T
1400773 2009189 0.0 0 T
1400773 2038032 0.0767134586674 5 T
1400773 2041123 0.0 0 T
1400773 2116929 0.0 0 T
1400773 2132655 0.0 0 T
1400773 2146982 0.0978205668573 4 T
1400773 2165846 0.0 0 T
1400773 2213337 0.0 0 T
1400773 2233786 0.0 0 T
1400773 2254886 0.062361071284 1 T
1400773 394686 0.0 0 F
311238 27006 0.313579379226 4 T
311238 122725 0.0 0 T
311238 144561 0.123833520873 1 T
311238 168617 0.181990387185 4 T
311238 288288 0.328590244231 4 T
311238 323147 0.259945474668 6 T
311238 335610 0.0 0 T
311238 380094 0.0 0 T
311238 387661 0.30607836069 4 T
311238 397381 0.332462516554 5 T
311238 463470 0.0 0 T
311238 504877 0.0 0 T
311238 611539 0.317938213618 5 T
311238 926815 0.0 0 T
311238 946960 0.240950915335 5 T
311238 953901 0.0 0 T
311238 1058637 0.0 0 T
311238 1188412 0.0 0 T
311238 1204093 0.330176527177 5 T
311238 1256674 0.31857474183 6 T
311238 1270132 0.220420857598 5 T
311238 1307089 0.336906993842 4 T
311238 1378059 0.0 0 T
311238 1407476 0.184948595816 2 T
311238 1456625 0.0 0 T
311238 1494684 0.147322714848 1 T
311238 1502500 0.0 0 T
311238 1521431 0.0 0 T
311238 1573627 0.331359513943 4 T
311238 1581552 0.0 0 T
311238 1595068 0.0 0 T
311238 1643355 0.0 0 T
311238 1717673 0.0 0 T
311238 1736524 0.147322714848 1 T
311238 1958918 0.225480929068 4 T
311238 2008839 0.0 0 T
311238 2012591 0.313579379226 4 T
311238 2037560 0.257171592792 5 T
311238 2040369 0.0 0 T
311238 2213512 0.249553476891 4 T
311238 999059 0.0 0 F
311238 1146237 0.208972679788 6 F
311238 1309156 0.186280745671 5 F
311238 1405808 0.0 0 F
311238 2015443 0.0 0 F
311238 2087716 0.0 0 F
884681 38462 0.0 0 T
884681 184127 0.0971238191633 3 T
884681 239021 0.0 0 T
884681 321996 0.0 0 T
884681 328975 0.0 0 T
884681 344255 0.0 0 T
884681 409309 0.0 0 T
884681 459674 0.066387646125 4 T
884681 538313 0.0 0 T
884681 704702 0.0 0 T
884681 1246590 0.0 0 T
884681 1314122 0.0 0 T
884681 1552967 0.0 0 T
884681 1556835 0.0 0 T
884681 1599896 0.108600367798 4 T
884681 1698839 0.0 0 T
884681 1814249 0.0 0 T
884681 1863719 0.0 0 T
884681 1904805 0.123635178924 3 T
884681 1949399 0.0 0 T
884681 1966838 0.0 0 T
884681 2109684 0.117806267806 3 T
884681 2127416 0.0 0 T
884681 2202181 0.0 0 T
884681 2234441 0.0 0 T
884681 716670 0.0 0 F
884681 1997416 0.0705521118851 6 F
1310670 120786 0.0 0 T
1310670 172304 0.0 0 T
1310670 190701 0.0 0 T
1310670 281042 0.186379990635 4 T
1310670 364226 0.0 0 T
1310670 387825 0.0 0 T
1310670 470898 0.0 0 T
1310670 569842 0.0 0 T
1310670 640666 0.184449712144 5 T
1310670 642567 0.0 0 T
1310670 670322 0.0 0 T
1310670 673832 0.0 0 T
1310670 744213 0.0 0 T
1310670 852731 0.0 0 T
1310670 890819 0.171199271477 3 T
1310670 917673 0.18094879752 4 T
1310670 1029294 0.0 0 T
1310670 1115656 0.0 0 T
1310670 1206416 0.0 0 T
1310670 1206542 0.0 0 T
1310670 1229448 0.0 0 T
1310670 1233193 0.0 0 T
1310670 1371793 0.0 0 T
1310670 1386445 0.0 0 T
1310670 1401004 0.0 0 T
1310670 1405631 0.171739551562 3 T
1310670 1446151 0.159516533879 2 T
1310670 1449396 0.0 0 T
1310670 1469069 0.0 0 T
1310670 1485118 0.164854971162 3 T
1310670 1499911 0.0 0 T
1310670 1506520 0.0 0 T
1310670 1556606 0.0 0 T
1310670 1557404 0.189006036126 5 T
1310670 1630374 0.0 0 T
1310670 1631030 0.1784320117 3 T
1310670 1633694 0.0 0 T
1310670 1644422 0.0 0 T
1310670 1652306 0.0 0 T
1310670 1874007 0.176575866677 5 T
1310670 1875340 0.190176005712 4 T
1310670 1932423 0.0 0 T
1310670 1948771 0.167080264487 3 T
1310670 1967634 0.0 0 T
1310670 1998555 0.0 0 T
1310670 1998757 0.0 0 T
1310670 2095351 0.171032204726 2 T
1310670 2103235 0.0 0 T
1310670 2110866 0.0 0 T
1310670 2115196 0.1598672642 3 T
1310670 2130898 0.160703299667 3 T
1310670 2141665 0.150430607724 5 T
1310670 2208040 0.189135993481 4 T
1310670 2255513 0.0 0 T
1310670 2256715 0.188952598737 6 T
1310670 14862 0.0 0 F
1310670 15913 0.16981459148 4 F
1310670 125029 0.175739952879 3 F
1310670 175643 0.0 0 F
1310670 183179 0.0 0 F
1310670 195637 0.182002193314 6 F
1310670 241606 0.0 0 F
1310670 248684 0.156137964161 4 F
1310670 338458 0.0 0 F
1310670 355538 0.150120307177 4 F
1310670 375196 0.177773734759 6 F
1310670 401101 0.156634601573 3 F
1310670 404743 0.165834456371 2 F
1310670 423496 0.0 0 F
1310670 430040 0.0 0 F
1310670 480731 0.167248277798 2 F
1310670 489305 0.0 0 F
1310670 492985 0.140562833686 3 F
1310670 544583 0.0 0 F
1310670 645065 0.153072158892 5 F
1310670 728468 0.196806267005 6 F
1310670 733989 0.0 0 F
1310670 753586 0.148805801608 5 F
1310670 819288 0.0 0 F
1310670 879711 0.155662406656 4 F
1310670 938105 0.149831156902 6 F
1310670 1035529 0.142722615005 4 F
1310670 1063607 0.174173145109 3 F
1310670 1075308 0.158512327704 3 F
1310670 1076662 0.165017438374 4 F
1310670 1104875 0.163223425397 5 F
1310670 1121605 0.171546804019 3 F
1310670 1174813 0.156019571975 4 F
1310670 1203120 0.0 0 F
1310670 1227535 0.153784094833 5 F
1310670 1230278 0.0 0 F
1310670 1238264 0.0 0 F
1310670 1322420 0.0 0 F
1310670 1345363 0.0 0 F
1310670 1392179 0.140562833686 4 F
1310670 1395068 0.0 0 F
1310670 1410185 0.0 0 F
1310670 1447747 0.151190179638 5 F
1310670 1596312 0.0 0 F
1310670 1621357 0.163195488544 7 F
1310670 1793101 0.156665057754 6 F
1310670 1815740 0.0 0 F
1310670 1902323 0.0 0 F
1310670 2093302 0.0 0 F
1310670 2121611 0.18711669428 4 F
1310670 2168299 0.0 0 F
1310670 2186541 0.156436996326 4 F
1310670 2212323 0.145890976371 4 F
1310670 2232824 0.182002193314 4 F
2121682 73824 0.152649806029 8 T
2121682 295742 0.149845612094 7 T
2121682 389223 0.0 0 T
2121682 479399 0.0 0 T
2121682 686871 0.0 0 T
2121682 727891 0.0 0 T
2121682 729996 0.0 0 T
2121682 785227 0.0 0 T
2121682 829218 0.0 0 T
2121682 908732 0.0 0 T
2121682 1051909 0.0 0 T
2121682 1087525 0.140515342693 6 T
2121682 1118562 0.0 0 T
2121682 1273955 0.0 0 T
2121682 1345826 0.118660067456 6 T
2121682 1399189 0.0 0 T
2121682 1400811 0.0 0 T
2121682 1639850 0.0 0 T
2121682 1833595 0.0 0 T
2121682 1932887 0.0 0 T
2121682 1937602 0.162955747956 5 T
2121682 2026122 0.0 0 T
2121682 2115007 0.0 0 T
2121682 7282 0.164646143926 6 F
2121682 42234 0.170635309043 6 F
2121682 229398 0.124830972781 6 F
2121682 390733 0.0 0 F
2121682 413665 0.0 0 F
2121682 419786 0.199255370892 6 F
2121682 474760 0.0 0 F
2121682 831150 0.179001866686 6 F
2121682 923534 0.151673830607 5 F
2121682 1015774 0.151770513165 5 F
2121682 1143896 0.0 0 F
2121682 1226331 0.16007155675 7 F
2121682 1274620 0.0 0 F
2121682 1363699 0.15792330682 5 F
2121682 1481976 0.0 0 F
2121682 1636883 0.0 0 F
2121682 1990086 0.0 0 F
2121682 2065867 0.0 0 F
2121682 2075202 0.161599331914 6 F
2121682 2084448 0.166363261302 6 F
2121682 2157220 0.0 0 F
1466323 35497 0.0 0 T
1466323 304327 0.382301908618 5 T
1466323 732898 0.0 0 T
1466323 1419466 0.451706188548 5 T
1466323 1690645 0.449158012087 6 T
1466323 1936896 0.514354066986 5 T
1466323 35497 0.0 0 T
1466323 304327 0.382301908618 5 T
1466323 1419466 0.451706188548 5 T
1466323 1435790 0.240080721284 4 F
1466323 1571691 0.202750665484 5 F
1466323 1680753 0.0 0 F
1466323 1690645 0.449158012087 6 T
1466323 1789957 0.0 0 F
1466323 1936896 0.514354066986 5 T
155604 67596 0.184949431319 6 T
155604 104469 0.237820423885 6 T
155604 170923 0.0 0 T
155604 237135 0.277834450493 7 T
155604 262126 0.256572876027 6 T
155604 277447 0.10123256821 1 T
155604 293243 0.295044885717 5 T
155604 358054 0.261826777125 6 T
155604 377251 0.0 0 T
155604 379636 0.273376994878 6 T
155604 542265 0.208499022562 4 T
155604 556455 0.280868517162 7 T
155604 620726 0.0 0 T
155604 661371 0.0 0 T
155604 748983 0.0 0 T
155604 801473 0.0 0 T
155604 821266 0.295088211626 5 T
155604 862024 0.0 0 T
155604 1611208 0.0 0 T
155604 1839217 0.213788132716 3 T
155604 1889643 0.177906227487 4 T
155604 1923383 0.0 0 T
155604 1938038 0.249352791382 7 T
155604 2046027 0.0 0 T
155604 2118775 0.209701426025 4 T
155604 2140700 0.0 0 T
155604 2202268 0.298010365065 5 T
155604 2229845 0.248541393129 6 T
155604 1753323 0.0 0 F
155604 2069382 0.0 0 F
81877 7997 0.0 0 T
81877 12778 0.0 0 T
81877 27125 0.0 0 T
81877 42967 0.0 0 T
81877 95637 0.112335562953 4 T
81877 132019 0.0 0 T
81877 144079 0.0 0 T
81877 177803 0.123432617704 2 T
81877 204653 0.0 0 T
81877 223866 0.0 0 T
81877 267539 0.0 0 T
81877 330056 0.135282702721 6 T
81877 350664 0.0 0 T
81877 355816 0.171454560933 4 T
81877 366723 0.0 0 T
81877 416331 0.0 0 T
81877 416679 0.0 0 T
81877 460406 0.0 0 T
81877 505957 0.0 0 T
81877 527826 0.0 0 T
81877 541657 0.0 0 T
81877 591929 0.0 0 T
81877 607333 0.0 0 T
81877 638454 0.0 0 T
81877 644073 0.132554293712 5 T
81877 710817 0.145840430441 3 T
81877 751204 0.0 0 T
81877 817193 0.0 0 T
81877 818471 0.129477870044 3 T
81877 823550 0.105235406617 4 T
81877 824063 0.109718110117 3 T
81877 875492 0.0 0 T
81877 893048 0.0 0 T
81877 903873 0.100324714503 2 T
81877 912124 0.102627970225 6 T
81877 929436 0.0 0 T
81877 1062296 0.0 0 T
81877 1105984 0.0 0 T
81877 1117143 0.0 0 T
81877 1119381 0.0 0 T
81877 1137906 0.0 0 T
81877 1150642 0.0 0 T
81877 1160108 0.0 0 T
81877 1210905 0.0 0 T
81877 1232908 0.130417128551 4 T
81877 1251859 0.0 0 T
81877 1254692 0.0 0 T
81877 1332827 0.10727440365 5 T
81877 1358167 0.0 0 T
81877 1370153 0.0 0 T
81877 1381710 0.0 0 T
81877 1495003 0.0957018441176 3 T
81877 1513766 0.154054858802 4 T
81877 1517274 0.0 0 T
81877 1533253 0.164049763016 4 T
81877 1546195 0.0 0 T
81877 1636276 0.0 0 T
81877 1695007 0.0 0 T
81877 1723592 0.0 0 T
81877 1736305 0.106378271238 3 T
81877 1753199 0.0 0 T
81877 1757279 0.138786394348 5 T
81877 1762004 0.146768215335 5 T
81877 1782132 0.145761966915 3 T
81877 1822256 0.154807685381 4 T
81877 1858636 0.0 0 T
81877 1900925 0.0 0 T
81877 1901216 0.0 0 T
81877 1905149 0.0 0 T
81877 1930822 0.0 0 T
81877 1972847 0.0 0 T
81877 1998953 0.133771244302 3 T
81877 2026946 0.0910388865492 4 T
81877 2062183 0.0 0 T
81877 2069828 0.107011340377 2 T
81877 2159792 0.0584698651995 1 T
81877 2191880 0.0 0 T
81877 2203314 0.0 0 T
81877 178608 0.0 0 F
81877 916676 0.0 0 F
81877 1599695 0.0 0 F
2244567 92259 0.0 0 T
2244567 940521 0.0 0 T
2244567 1009900 0.0 0 F
2244567 1031147 0.0 0 F
2244567 1263011 0.0 0 F
311256 113980 0.320383883178 5 T
311256 255644 0.220138829185 3 T
311256 400803 0.0 0 T
311256 909880 0.250121854297 4 T
311256 1052520 0.365125615126 3 T
311256 1182198 0.381397174254 3 T
311256 1182654 0.0 0 T
311256 1270532 0.397417941536 4 T
311256 1441780 0.0 0 T
311256 1470570 0.0 0 T
311256 1490036 0.0 0 T
311256 1856064 0.367598681884 5 T
311256 2094870 0.0 0 T
311256 2203575 0.212201738403 3 T
311256 1726961 0.397417941536 4 F
827353 105020 0.0 0 T
827353 203400 0.218605489682 3 T
827353 329143 0.151310404755 2 T
827353 424958 0.187454669513 2 T
827353 532007 0.158282442454 2 T
827353 566133 0.0 0 T
827353 611090 0.228178411999 3 T
827353 635099 0.0 0 T
827353 727886 0.158282442454 2 T
827353 1027028 0.0 0 T
827353 1058835 0.186180902431 2 T
827353 1131482 0.154806710631 2 T
827353 1148952 0.0 0 T
827353 1221435 0.0 0 T
827353 1476986 0.0 0 T
827353 1513968 0.159284865732 2 T
827353 1556483 0.187853038227 3 T
827353 1570126 0.0 0 T
827353 1666326 0.0 0 T
827353 1960935 0.17493075638 1 T
827353 1977593 0.0 0 T
827353 2004470 0.0 0 T
827353 2102011 0.0 0 T
827353 2128800 0.0 0 T
827353 2134025 0.0 0 T
827353 2207974 0.0 0 T
827353 2211088 0.219537432077 3 T
827353 2213858 0.228178411999 4 T
827353 2230502 0.0 0 T
827353 2235242 0.0 0 T
827353 603102 0.0 0 F
827353 818329 0.135309633243 4 F
827353 1645294 0.147508018259 6 F
827353 1917184 0.0 0 F
2015194 16996 0.0 0 T
2015194 400407 0.0 0 T
2015194 626378 0.0 0 T
2015194 1161681 0.0 0 T
2015194 1353078 0.0 7 T
2015194 1504204 0.0 0 T
2015194 1699729 0.0 0 T
2015194 1923384 0.0 0 T
2015194 875180 0.0 0 F
1826779 46790 0.0 0 T
1826779 142445 0.0 0 T
1826779 143873 0.0 0 T
1826779 146757 0.0 0 T
1826779 384535 0.0 0 T
1826779 416713 0.0 0 T
1826779 540851 0.0555060936994 3 T
1826779 855619 0.0769596015204 5 T
1826779 882898 0.0 0 T
1826779 974222 0.0 0 T
1826779 1061851 0.0 0 T
1826779 1176425 0.0 0 T
1826779 1197002 0.0 0 T
1826779 1228008 0.0594398954369 1 T
1826779 1713917 0.0555399772641 2 T
1826779 1739870 0.0 0 T
1826779 1842847 0.0 0 T
1826779 2071921 0.0 0 T
1826779 2093995 0.0 0 T
1826779 2201729 0.0 0 T
1826779 2228637 0.0 0 T
1826779 2258090 0.0913009976531 5 T
1826779 348398 0.0581733073183 2 F
1826779 432086 0.0 0 F
1826779 1410738 0.0539161732265 2 F
1826779 1502188 0.0 0 F
1826779 1596720 0.0 0 F
1826779 1688634 0.0 0 F
1826779 1810594 0.0 0 F
1826779 2197260 0.0 0 F
581596 60249 0.0 0 T
581596 94826 0.0 0 T
581596 119865 0.0 0 T
581596 172729 0.0 0 T
581596 211002 0.0 0 T
581596 312304 0.0 0 T
581596 346044 0.0 0 T
581596 440741 0.0 0 T
581596 446064 0.0 0 T
581596 500721 0.0 0 T
581596 525397 0.0 0 T
581596 551427 0.0 0 T
581596 700968 0.0 0 T
581596 717286 0.0 0 T
581596 721964 0.0 0 T
581596 810768 0.0 0 T
581596 835097 0.0 0 T
581596 871795 0.0 0 T
581596 906953 0.0 0 T
581596 931398 0.0 0 T
581596 958073 0.0395502645503 6 T
581596 1003313 0.0 0 T
581596 1027503 0.0311373267256 6 T
581596 1045691 0.0 0 T
581596 1174592 0.0 0 T
581596 1211069 0.0531777155307 5 T
581596 1249742 0.0 0 T
581596 1281301 0.0 0 T
581596 1286223 0.0 0 T
581596 1295979 0.0 0 T
581596 1348813 0.0 0 T
581596 1438409 0.0463719400804 7 T
581596 1465407 0.0 0 T
581596 1495583 0.046522769643 8 T
581596 1507959 0.0 0 T
581596 1512261 0.0 0 T
581596 1525623 0.0 0 T
581596 1536332 0.0 0 T
581596 1633675 0.0 0 T
581596 1638018 0.0 0 T
581596 1727905 0.0 0 T
581596 1732219 0.0 0 T
581596 1757899 0.0471244016001 4 T
581596 1805319 0.0 0 T
581596 1881228 0.0 0 T
581596 1950656 0.0 0 T
581596 1957062 0.0 0 T
581596 1973100 0.0 0 T
581596 1975708 0.0 0 T
581596 1990094 0.0 0 T
581596 2207316 0.0 0 T
581596 168195 0.0 0 F
958429 60964 0.293745421245 6 T
958429 374677 0.27090134459 4 T
958429 397095 0.22061770064 4 T
958429 601422 0.0 0 T
958429 639436 0.0 0 T
958429 935837 0.226806061152 5 T
958429 1118817 0.276867905057 6 T
958429 1606222 0.0 0 T
958429 1815189 0.0 0 T
958429 413962 0.212149075704 5 F
958429 654355 0.0 0 F
958429 880489 0.236988340607 5 F
958429 1226124 0.0 0 F
958429 1408884 0.229867642709 4 F
958429 1636252 0.214477460355 5 F
229342 145233 0.0 0 T
229342 230498 0.0 0 T
229342 677063 0.0 0 T
229342 697090 0.0 0 T
229342 961277 0.0 0 T
229342 1571900 0.0 0 T
229342 1768037 0.0 0 T
229342 1888242 0.0750576847238 2 T
229342 2074412 0.0878577309193 3 T
229342 2094478 0.0 0 T
229342 2112194 0.0 0 T
229342 2176427 0.0 0 T
229342 2191944 0.0917019193106 5 T
229342 266837 0.0 0 F
229342 327236 0.0 0 F
229342 639814 0.0736538461538 3 F
229342 935964 0.0 0 F
229342 951044 0.0656311359436 5 F
229342 981709 0.0614858119174 3 F
229342 1205764 0.0 0 F
229342 1746265 0.0 0 F
229342 2001545 0.0 0 F
229342 2044054 0.0 0 F
229342 2074332 0.0 0 F
229342 2242564 0.0 0 F
1736671 112868 0.0 0 T
1736671 169009 0.0 0 T
1736671 533596 0.059822954823 5 T
1736671 745442 0.0 0 T
1736671 986167 0.0532397427134 5 T
1736671 1060855 0.0 0 T
1736671 1261463 0.0 0 T
1736671 1400847 0.0 0 T
1736671 1528168 0.0 0 T
1736671 1576629 0.056328320802 5 T
1736671 1662967 0.0 0 T
1736671 1726590 0.0 0 T
1736671 2235183 0.0 0 T
1736671 264162 0.0 0 F
1736671 460658 0.0 0 F
1736671 580519 0.0 0 F
1736671 638394 0.0 0 F
1736671 775235 0.100202020202 5 F
1736671 857471 0.0959706959707 5 F
1736671 939449 0.0 0 F
1736671 1007221 0.0 0 F
1736671 1078726 0.0 0 F
1736671 1388016 0.0 0 F
1736671 1404037 0.0 0 F
1736671 1552774 0.0 0 F
1736671 1606879 0.0 0 F
1736671 1606991 0.0 0 F
1736671 1804209 0.0 0 F
1736671 1910711 0.0 0 F
1736671 1921192 0.0 0 F
1736671 2182767 0.0952380952381 5 F
589792 886873 nan 6 T
589792 886873 nan 6 T
565217 1272730 0.0 0 T
565217 149712 0.0 0 F
565217 1023118 0.404761904762 7 F
565217 1669770 0.446428571429 6 F
565217 2167506 0.458333333333 7 F
1916902 123809 0.0 0 T
1916902 159840 0.0512506222158 2 T
1916902 169710 0.05952775266 5 T
1916902 196150 0.0 0 T
1916902 202377 0.0 0 T
1916902 286771 0.0 0 T
1916902 294585 0.0 0 T
1916902 321457 0.0 0 T
1916902 354953 0.0 0 T
1916902 356821 0.0 0 T
1916902 395792 0.0 0 T
1916902 402703 0.0 0 T
1916902 428932 0.0 0 T
1916902 474609 0.0 0 T
1916902 499958 0.0 0 T
1916902 607832 0.0 0 T
1916902 627223 0.0 0 T
1916902 631798 0.0 0 T
1916902 663389 0.0 0 T
1916902 768046 0.0 0 T
1916902 810059 0.0 0 T
1916902 917533 0.0 0 T
1916902 922070 0.0 0 T
1916902 966906 0.0 0 T
1916902 1224049 0.0 0 T
1916902 1250174 0.0 0 T
1916902 1273087 0.0 0 T
1916902 1287795 0.0 0 T
1916902 1365083 0.0 0 T
1916902 1373454 0.0 0 T
1916902 1391020 0.0 0 T
1916902 1409962 0.0 0 T
1916902 1502347 0.063560327881 2 T
1916902 1520173 0.0 0 T
1916902 1528028 0.0 0 T
1916902 1558681 0.0 0 T
1916902 1565773 0.0 0 T
1916902 1587909 0.0391912107916 4 T
1916902 1604946 0.0 0 T
1916902 1620068 0.0 0 T
1916902 1651285 0.0 0 T
1916902 1689794 0.0 0 T
1916902 1704743 0.0 0 T
1916902 1739322 0.0 0 T
1916902 1741585 0.0 0 T
1916902 1778667 0.0 0 T
1916902 1872575 0.0 0 T
1916902 1912954 0.0 0 T
1916902 1914095 0.0 0 T
1916902 1941391 0.0 0 T
1916902 1949979 0.0 0 T
1916902 1962745 0.0 0 T
1916902 2009128 0.0 0 T
1916902 2035240 0.0702600129199 5 T
1916902 2040207 0.0 0 T
1916902 2071154 0.0 0 T
1916902 2121155 0.0 0 T
1916902 2157783 0.0 0 T
1916902 2163119 0.0702600129199 5 T
1916902 2185109 0.0462129924339 5 T
1916902 2215861 0.0 0 T
1916902 2240888 0.0 0 T
1916902 3442 0.0 0 F
1916902 61267 0.0 0 F
1916902 188466 0.0 0 F
1916902 293313 0.0 0 F
1916902 351866 0.0440602751858 4 F
1916902 474396 0.0 0 F
1916902 526384 0.0 0 F
1916902 544521 0.0420827043982 2 F
1916902 733082 0.0 0 F
1916902 784903 0.0 0 F
1916902 822738 0.0 0 F
1916902 846737 0.0 0 F
1916902 971494 0.0 0 F
1916902 1166576 0.0 0 F
1916902 1172109 0.0 0 F
1916902 1180835 0.0 0 F
1916902 1269097 0.0 0 F
1916902 1353024 0.0 0 F
1916902 1369163 0.0 0 F
1916902 1576598 0.0 0 F
1916902 1718585 0.0360064633664 3 F
1916902 1915300 0.0 0 F
1916902 1948991 0.0370383180928 4 F
1916902 1986772 0.0400893363585 4 F
1916902 2225736 0.0 0 F
1245159 220479 0.0 0 T
1245159 269314 0.235693453583 5 T
1245159 635167 0.229266100033 5 T
1245159 683590 0.0 0 T
1245159 694675 0.0 0 T
1245159 875760 0.0 0 T
1245159 888304 0.187555285272 3 T
1245159 904757 0.0 0 T
1245159 975873 0.0 0 T
1245159 1138837 0.0 0 T
1245159 1300124 0.0 0 T
1245159 1411351 0.199189549962 5 T
1245159 1513206 0.0 0 T
1245159 1986447 0.0 0 T
1245159 2078446 0.209333916633 4 T
1245159 2182996 0.0 0 T
1245159 37375 0.153461659263 7 F
1245159 454578 0.176887871854 4 F
1245159 1888650 0.129544449359 3 F
1245159 2070220 0.13118089341 4 F
1523688 410986 0.0 0 T
1523688 556513 0.0333333333333 6 T
1523688 842270 0.0 0 T
1523688 2111052 0.0 0 T
1523688 57563 0.0333333333333 5 F
1523688 104129 0.0 0 F
1523688 524129 0.0 0 F
1523688 1484837 0.0 0 F
1523688 1672881 0.0 0 F
1523688 1887374 0.0 0 F
1523688 1902578 0.0 0 F
1449962 750206 0.0 0 T
1449962 1119770 0.137148413525 2 T
1449962 1205592 0.0 0 T
1449962 1509535 0.0 0 T
1449962 1775666 0.0 0 T
1449962 1798033 0.0 0 T
1449962 1867802 0.0 0 T
1449962 2057021 0.0 0 T
1449962 2706 0.141509063642 3 F
1449962 3575 0.0 0 F
1449962 11549 0.0 0 F
1449962 23432 0.0 0 F
1449962 23488 0.132817353216 4 F
1449962 25914 0.0 0 F
1449962 31621 0.0 0 F
1449962 36142 0.0 0 F
1449962 47251 0.142162468549 6 F
1449962 51256 0.140161217285 5 F
1449962 51707 0.0 0 F
1449962 56144 0.0 0 F
1449962 61056 0.152615037551 5 F
1449962 62673 0.0 0 F
1449962 64160 0.138055000479 5 F
1449962 66322 0.0 0 F
1449962 67631 0.0 0 F
1449962 72948 0.0 0 F
1449962 74407 0.0 0 F
1449962 74900 0.0 0 F
1449962 76864 0.0 0 F
1449962 81751 0.0 0 F
1449962 94556 0.0 0 F
1449962 105055 0.146175910406 4 F
1449962 106163 0.0 0 F
1449962 111157 0.0 0 F
1449962 117329 0.134832168165 3 F
1449962 121050 0.0 0 F
1449962 123502 0.0 0 F
1449962 129717 0.0 0 F
1449962 139222 0.0 0 F
1449962 142147 0.0 0 F
1449962 147001 0.0 0 F
1449962 147351 0.148080814043 5 F
1449962 153359 0.0 0 F
1449962 153688 0.0 0 F
1449962 159042 0.0 0 F
1449962 164328 0.0 0 F
1449962 166421 0.0 0 F
1449962 174706 0.0 0 F
1449962 175670 0.0 0 F
1449962 177738 0.0 0 F
1449962 181382 0.124296731654 3 F
1449962 184711 0.0 0 F
1449962 187261 0.0 0 F
1449962 188298 0.0 0 F
1449962 188698 0.0 0 F
1449962 190690 0.0 0 F
1449962 191916 0.0 0 F
1449962 191972 0.127099500966 3 F
1449962 193577 0.140683332653 5 F
1449962 194303 0.0 0 F
1449962 199400 0.156901684168 5 F
1449962 200821 0.149497885974 5 F
1449962 200994 0.0 0 F
1449962 203108 0.0 0 F
1449962 214130 0.143109150511 2 F
1449962 214171 0.132579933276 5 F
1449962 219196 0.142199135911 5 F
1449962 220648 0.0 0 F
1449962 223881 0.0 0 F
1449962 229744 0.0 0 F
1449962 231366 0.148935018434 5 F
1449962 232685 0.133167250437 3 F
1449962 234410 0.0 0 F
1449962 237205 0.0557723722488 1 F
1449962 249637 0.0 0 F
1449962 249821 0.0 0 F
1449962 257114 0.0 0 F
1449962 257538 0.0 0 F
1449962 264549 0.142536356689 4 F
1449962 265635 0.145953058429 5 F
1449962 270220 0.12341340771 1 F
1449962 272271 0.125405403511 3 F
1449962 287900 0.0 0 F
1449962 290279 0.0 0 F
1449962 291377 0.0 0 F
1449962 292670 0.0 0 F
1449962 293112 0.119832465009 3 F
1449962 296403 0.146500114685 4 F
1449962 306083 0.0 0 F
1449962 316692 0.0 0 F
1449962 319766 0.0 0 F
1449962 330170 0.153438762896 6 F
1449962 332305 0.130445640125 4 F
1449962 332900 0.152436758116 5 F
1449962 333004 0.0 0 F
1449962 334593 0.0 0 F
1449962 338295 0.0 0 F
1449962 338610 0.0 0 F
1449962 341438 0.128521841865 4 F
1449962 343091 0.0 0 F
1449962 344983 0.0 0 F
1449962 345919 0.0 0 F
1449962 351286 0.0 0 F
1449962 355101 0.0 0 F
1449962 362395 0.0 0 F
1449962 363695 0.0 0 F
1449962 367855 0.142501886217 4 F
1449962 375808 0.132217827181 3 F
1449962 381714 0.0 0 F
1449962 382936 0.139276518214 4 F
1449962 384954 0.0 0 F
1449962 388082 0.0 0 F
1449962 388171 0.140887525142 5 F
1449962 391293 0.139373340196 4 F
1449962 392656 0.0 0 F
1449962 394407 0.0 0 F
1449962 396461 0.0 0 F
1449962 397235 0.127867899054 4 F
1449962 397404 0.0 0 F
1449962 408298 0.0 0 F
1449962 408636 0.0 0 F
1449962 410363 0.0 0 F
1449962 410521 0.130201640098 3 F
1449962 411583 0.0 0 F
1449962 426317 0.140038614477 5 F
1449962 429454 0.146747841357 3 F
1449962 429709 0.133315446398 4 F
1449962 430238 0.129582484349 2 F
1449962 431362 0.147074047247 5 F
1449962 432817 0.147330143384 5 F
1449962 439193 0.134434774433 3 F
1449962 449636 0.0 0 F
1449962 456020 0.138815115737 4 F
1449962 456194 0.0 0 F
1449962 457191 0.0 0 F
1449962 458531 0.119199791088 3 F
1449962 461917 0.136241754154 3 F
1449962 468638 0.141299939187 4 F
1449962 472113 0.0 0 F
1449962 473273 0.149615412274 5 F
1449962 477887 0.0 0 F
1449962 481357 0.149169125311 4 F
1449962 484112 0.0864393913076 3 F
1449962 487255 0.0 0 F
1449962 488137 0.139935868602 4 F
1449962 492868 0.138964656735 4 F
1449962 494569 0.132336191659 2 F
1449962 499099 0.132804451845 3 F
1449962 510383 0.12921945418 5 F
1449962 510661 0.0 0 F
1449962 511090 0.0 0 F
1449962 511283 0.143757528553 4 F
1449962 511502 0.137719080351 5 F
1449962 515647 0.0 0 F
1449962 517370 0.0 0 F
1449962 519170 0.137267478103 5 F
1449962 525723 0.148055664036 5 F
1449962 529323 0.0 0 F
1449962 530328 0.165456431748 6 F
1449962 534222 0.0 0 F
1449962 537798 0.0 0 F
1449962 539510 0.0 0 F
1449962 539886 0.147223928296 6 F
1449962 542071 0.14294747734 3 F
1449962 555835 0.0 0 F
1449962 558270 0.140457346267 5 F
1449962 561339 0.0 0 F
1449962 562230 0.0 0 F
1449962 566473 0.133208518006 4 F
1449962 577430 0.142933650877 5 F
1449962 577992 0.0 0 F
1449962 581227 0.142804087246 6 F
1449962 584963 0.137146854953 5 F
1449962 587734 0.137212554436 4 F
1449962 588602 0.0 0 F
1449962 592680 0.149008783419 5 F
1449962 595335 0.0 0 F
1449962 605169 0.129001933323 5 F
1449962 606774 0.0 0 F
1449962 608314 0.0 0 F
1449962 608827 0.12187990501 1 F
1449962 610390 0.0 0 F
1449962 615418 0.0 0 F
1449962 620524 0.143642001968 5 F
1449962 632976 0.134400513536 3 F
1449962 634540 0.0 0 F
1449962 634793 0.0 0 F
1449962 635145 0.0 0 F
1449962 636617 0.128123898428 5 F
1449962 638082 0.152056169872 5 F
1449962 646660 0.0 0 F
1449962 653200 0.131028557072 2 F
1449962 660475 0.123535005791 2 F
1449962 672352 0.0 0 F
1449962 673194 0.14965105292 4 F
1449962 676391 0.0 0 F
1449962 679926 0.0 0 F
1449962 680358 0.125666009943 3 F
1449962 683102 0.0 0 F
1449962 688290 0.0 0 F
1449962 693388 0.129840990691 4 F
1449962 702131 0.0 0 F
1449962 705409 0.13310642302 6 F
1449962 719896 0.0 0 F
1449962 720430 0.0 0 F
1449962 721812 0.0 0 F
1449962 726093 0.0 0 F
1449962 728699 0.0 0 F
1449962 731048 0.11288290202 3 F
1449962 734920 0.0 0 F
1449962 742803 0.14533892718 5 F
1449962 745789 0.124636997425 3 F
1449962 745991 0.0 0 F
1449962 747782 0.0 0 F
1449962 749755 0.110154800483 3 F
1449962 750591 0.0 0 F
1449962 756596 0.0 0 F
1449962 760970 0.132822446658 4 F
1449962 764294 0.147254932282 6 F
1449962 766177 0.0 0 F
1449962 768472 0.0 0 F
1449962 778403 0.0 0 F
1449962 780366 0.148197242644 3 F
1449962 789929 0.0 0 F
1449962 791263 0.137166136037 3 F
1449962 793100 0.0 0 F
1449962 793528 0.150814781537 4 F
1449962 795838 0.117305780818 3 F
1449962 801584 0.142934205552 4 F
1449962 804432 0.145723569392 5 F
1449962 804731 0.0 0 F
1449962 806065 0.136629980139 5 F
1449962 811310 0.0 0 F
1449962 812900 0.0 0 F
1449962 815439 0.0 0 F
1449962 815763 0.137322993353 5 F
1449962 821022 0.140749898523 3 F
1449962 822293 0.120863921409 4 F
1449962 823113 0.140013473532 4 F
1449962 831183 0.0 0 F
1449962 831954 0.143037717831 7 F
1449962 836541 0.0 0 F
1449962 840559 0.146432693542 5 F
1449962 848797 0.142125877987 4 F
1449962 849201 0.144524248564 4 F
1449962 857658 0.157778806004 5 F
1449962 863747 0.0 0 F
1449962 863767 0.0 0 F
1449962 871470 0.13627571728 3 F
1449962 879198 0.0 0 F
1449962 888369 0.146747841357 3 F
1449962 889884 0.138114860099 3 F
1449962 895125 0.0 0 F
1449962 899006 0.0 0 F
1449962 901127 0.144615332179 5 F
1449962 902364 0.137823898147 4 F
1449962 902565 0.0 0 F
1449962 903176 0.0 0 F
1449962 903682 0.0 0 F
1449962 906956 0.0 0 F
1449962 915117 0.0 0 F
1449962 915233 0.0 0 F
1449962 916020 0.0 0 F
1449962 916278 0.142641209134 4 F
1449962 919580 0.0 0 F
1449962 921153 0.0 0 F
1449962 927274 0.128225060672 4 F
1449962 945332 0.0 0 F
1449962 945625 0.131896219066 4 F
1449962 946610 0.148263083039 4 F
1449962 948007 0.0 0 F
1449962 948636 0.0 0 F
1449962 951683 0.0 0 F
1449962 952713 0.125748870504 5 F
1449962 972016 0.142441793366 6 F
1449962 981157 0.0 0 F
1449962 988583 0.145776441083 4 F
1449962 992381 0.0 0 F
1449962 1000645 0.135009688493 4 F
1449962 1006393 0.146803564577 4 F
1449962 1008798 0.0 0 F
1449962 1010152 0.0 0 F
1449962 1016599 0.0 0 F
1449962 1022937 0.0 0 F
1449962 1031262 0.0 0 F
1449962 1040541 0.0 0 F
1449962 1042048 0.134886577245 3 F
1449962 1042333 0.0 0 F
1449962 1044167 0.0 0 F
1449962 1047099 0.0 0 F
1449962 1049335 0.0 0 F
1449962 1053296 0.0 0 F
1449962 1053575 0.142006996974 3 F
1449962 1063487 0.0 0 F
1449962 1066857 0.0 0 F
1449962 1069403 0.144126742833 5 F
1449962 1069745 0.0 0 F
1449962 1082588 0.0 0 F
1449962 1082824 0.0 0 F
1449962 1086067 0.145106162627 4 F
1449962 1086917 0.136516008688 3 F
1449962 1087206 0.129367925408 3 F
1449962 1096612 0.0 0 F
1449962 1099168 0.145521307088 5 F
1449962 1099344 0.0 0 F
1449962 1099827 0.139988707544 4 F
1449962 1100391 0.0 0 F
1449962 1103781 0.0 0 F
1449962 1112230 0.146508791329 5 F
1449962 1114487 0.0 0 F
1449962 1114633 0.0 0 F
1449962 1116272 0.0 0 F
1449962 1130301 0.139629390114 4 F
1449962 1134844 0.0 0 F
1449962 1135333 0.152746237844 4 F
1449962 1136146 0.152101343865 5 F
1449962 1141797 0.0 0 F
1449962 1142298 0.0 0 F
1449962 1153673 0.132904535906 5 F
1449962 1153776 0.0 0 F
1449962 1161843 0.139075436321 4 F
1449962 1162362 0.0 0 F
1449962 1163025 0.117398576132 3 F
1449962 1166737 0.135736363087 5 F
1449962 1183584 0.0 0 F
1449962 1184925 0.143654965798 4 F
1449962 1185246 0.0 0 F
1449962 1188812 0.146093226838 5 F
1449962 1192615 0.132175543425 6 F
1449962 1196349 0.14807638437 5 F
1449962 1201319 0.0 0 F
1449962 1202562 0.0 0 F
1449962 1206935 0.0 0 F
1449962 1213958 0.152052983403 6 F
1449962 1226922 0.0 0 F
1449962 1233175 0.0 0 F
1449962 1236948 0.135049094382 4 F
1449962 1239891 0.0 0 F
1449962 1240312 0.148497855261 4 F
1449962 1246055 0.0 0 F
1449962 1248633 0.140381219294 4 F
1449962 1249701 0.0 0 F
1449962 1251166 0.131260797017 4 F
1449962 1251294 0.137110793016 4 F
1449962 1255680 0.0 0 F
1449962 1256609 0.0 0 F
1449962 1257596 0.0 0 F
1449962 1257887 0.136741444136 5 F
1449962 1259738 0.0 0 F
1449962 1259908 0.0 0 F
1449962 1260608 0.0 0 F
1449962 1260943 0.0 0 F
1449962 1261786 0.0 0 F
1449962 1266576 0.153076235329 6 F
1449962 1266617 0.0 0 F
1449962 1267816 0.0 0 F
1449962 1268247 0.118789999962 3 F
1449962 1269771 0.0 0 F
1449962 1274456 0.0 0 F
1449962 1277141 0.136597702698 4 F
1449962 1279295 0.0 0 F
1449962 1281249 0.0 0 F
1449962 1281510 0.130425312311 4 F
1449962 1282128 0.131963713916 4 F
1449962 1286799 0.0 0 F
1449962 1295520 0.165456431748 6 F
1449962 1297273 0.129076046452 4 F
1449962 1299953 0.0 0 F
1449962 1303020 0.146416372532 4 F
1449962 1304491 0.0 0 F
1449962 1311059 0.0 0 F
1449962 1313902 0.0 0 F
1449962 1317383 0.0 0 F
1449962 1328968 0.0 0 F
1449962 1333120 0.12405465463 4 F
1449962 1343717 0.139899833373 4 F
1449962 1346287 0.0 0 F
1449962 1347681 0.0 0 F
1449962 1348997 0.142743403405 4 F
1449962 1350509 0.127867672731 5 F
1449962 1351491 0.0 0 F
1449962 1355646 0.0 0 F
1449962 1358485 0.132560839927 3 F
1449962 1360454 0.0 0 F
1449962 1364039 0.0 0 F
1449962 1367195 0.152182001509 5 F
1449962 1374388 0.155422271096 6 F
1449962 1376097 0.0 0 F
1449962 1378464 0.0 0 F
1449962 1380389 0.0 0 F
1449962 1382325 0.0 0 F
1449962 1383030 0.0 0 F
1449962 1386737 0.0 0 F
1449962 1386764 0.0 0 F
1449962 1390157 0.0 0 F
1449962 1394400 0.0 0 F
1449962 1397704 0.0 0 F
1449962 1413772 0.152345305765 5 F
1449962 1417278 0.0 0 F
1449962 1418386 0.0 0 F
1449962 1428260 0.0 0 F
1449962 1437161 0.143336264967 5 F
1449962 1437678 0.135253009325 4 F
1449962 1439090 0.0 0 F
1449962 1451883 0.0 0 F
1449962 1455320 0.147204778357 5 F
1449962 1456254 0.132365222871 4 F
1449962 1456998 0.141673152928 5 F
1449962 1460683 0.0 0 F
1449962 1462828 0.0 0 F
1449962 1463650 0.0 0 F
1449962 1463819 0.121417250569 4 F
1449962 1467642 0.0 0 F
1449962 1470454 0.0 0 F
1449962 1473312 0.131993848101 3 F
1449962 1475114 0.0 0 F
1449962 1477076 0.0 0 F
1449962 1477311 0.154309757143 4 F
1449962 1480999 0.0 0 F
1449962 1482633 0.138017734395 4 F
1449962 1485817 0.0 0 F
1449962 1490981 0.0 0 F
1449962 1491428 0.135962521269 5 F
1449962 1495717 0.0 0 F
1449962 1496282 0.145137791006 6 F
1449962 1497624 0.0 0 F
1449962 1509507 0.12767459431 5 F
1449962 1512466 0.0 0 F
1449962 1516055 0.139636339929 6 F
1449962 1516719 0.0 0 F
1449962 1518906 0.0 0 F
1449962 1520277 0.152138039914 4 F
1449962 1523218 0.0 0 F
1449962 1523963 0.0 0 F
1449962 1527179 0.135517121306 4 F
1449962 1527985 0.0 0 F
1449962 1530719 0.0 0 F
1449962 1550227 0.0 0 F
1449962 1553417 0.0 0 F
1449962 1554010 0.0 0 F
1449962 1554979 0.0 0 F
1449962 1558619 0.0 0 F
1449962 1561394 0.0 0 F
1449962 1561422 0.0 0 F
1449962 1572906 0.0 0 F
1449962 1576663 0.138371888661 4 F
1449962 1577801 0.142404911269 4 F
1449962 1584195 0.115475398946 5 F
1449962 1591572 0.0 0 F
1449962 1593527 0.0 0 F
1449962 1608944 0.147658482827 5 F
1449962 1610095 0.0 0 F
1449962 1612116 0.0 0 F
1449962 1616094 0.0 0 F
1449962 1619484 0.0 0 F
1449962 1621402 0.125576882644 4 F
1449962 1625474 0.146637330037 5 F
1449962 1627048 0.0 0 F
1449962 1628035 0.0 0 F
1449962 1648351 0.155944744003 6 F
1449962 1648422 0.0 0 F
1449962 1651646 0.0 0 F
1449962 1657118 0.140381219294 4 F
1449962 1658494 0.0 0 F
1449962 1660083 0.130713015775 5 F
1449962 1665530 0.0 0 F
1449962 1671272 0.0 0 F
1449962 1678067 0.0 0 F
1449962 1678332 0.117534841398 2 F
1449962 1686167 0.0 0 F
1449962 1689436 0.0 0 F
1449962 1692582 0.0 0 F
1449962 1692772 0.0 0 F
1449962 1693948 0.11802838851 3 F
1449962 1694744 0.1388545466 4 F
1449962 1697213 0.0 0 F
1449962 1711898 0.144792255416 4 F
1449962 1717269 0.0 0 F
1449962 1729103 0.148167252327 7 F
1449962 1740978 0.0 0 F
1449962 1755094 0.145116117215 5 F
1449962 1759436 0.151583857268 3 F
1449962 1759764 0.0 0 F
1449962 1762074 0.154521036508 4 F
1449962 1763336 0.143284546122 4 F
1449962 1771944 0.133328329818 3 F
1449962 1775197 0.135326771306 4 F
1449962 1776000 0.0 0 F
1449962 1778902 0.0 0 F
1449962 1779649 0.150914040969 5 F
1449962 1788672 0.0 0 F
1449962 1794750 0.0 0 F
1449962 1797591 0.0 0 F
1449962 1797753 0.0 0 F
1449962 1799538 0.0 0 F
1449962 1802385 0.0 0 F
1449962 1804007 0.0 0 F
1449962 1819807 0.0 0 F
1449962 1820001 0.0 0 F
1449962 1824805 0.144690821409 3 F
1449962 1825445 0.0 0 F
1449962 1826575 0.0 0 F
1449962 1828449 0.145443202907 4 F
1449962 1832813 0.126902913152 3 F
1449962 1841547 0.0 0 F
1449962 1847381 0.15575011692 5 F
1449962 1867213 0.0 0 F
1449962 1867730 0.0 0 F
1449962 1872466 0.156460673823 5 F
1449962 1873882 0.0 0 F
1449962 1875753 0.126807221389 4 F
1449962 1877684 0.0 0 F
1449962 1885865 0.150228459811 5 F
1449962 1889489 0.141195362402 6 F
1449962 1904433 0.143141378429 5 F
1449962 1907327 0.0 0 F
1449962 1912056 0.136238829243 3 F
1449962 1913042 0.136406947663 4 F
1449962 1913116 0.152718379309 4 F
1449962 1916737 0.0 0 F
1449962 1922244 0.0 0 F
1449962 1923831 0.137596119927 5 F
1449962 1924766 0.0 0 F
1449962 1928562 0.138654579997 5 F
1449962 1933741 0.150163120244 5 F
1449962 1939186 0.0 0 F
1449962 1948759 0.0 0 F
1449962 1955635 0.0 0 F
1449962 1958854 0.0 0 F
1449962 1958920 0.0 0 F
1449962 1963981 0.0 0 F
1449962 1968396 0.13850652167 5 F
1449962 1970207 0.0 0 F
1449962 1970469 0.0 0 F
1449962 1973739 0.0 0 F
1449962 1976349 0.0 0 F
1449962 1976773 0.0 0 F
1449962 1980461 0.0 0 F
1449962 1990474 0.131281963392 3 F
1449962 1999896 0.0 0 F
1449962 2000787 0.144622849409 4 F
1449962 2004934 0.0 0 F
1449962 2007551 0.136604146877 4 F
1449962 2009050 0.0 0 F
1449962 2012376 0.0 0 F
1449962 2013219 0.0 0 F
1449962 2016735 0.0 0 F
1449962 2019245 0.0 0 F
1449962 2025427 0.0 0 F
1449962 2037649 0.0 0 F
1449962 2044211 0.0 0 F
1449962 2046454 0.0 0 F
1449962 2049222 0.144237660436 4 F
1449962 2053009 0.0 0 F
1449962 2054275 0.0 0 F
1449962 2054959 0.0 0 F
1449962 2062004 0.132579102663 4 F
1449962 2068307 0.0 0 F
1449962 2068473 0.0 0 F
1449962 2068976 0.140238718908 3 F
1449962 2074002 0.0 0 F
1449962 2075203 0.0 0 F
1449962 2080479 0.0 0 F
1449962 2082478 0.0 0 F
1449962 2083548 0.0 0 F
1449962 2085210 0.136116290521 4 F
1449962 2089188 0.127971931468 3 F
1449962 2092924 0.0 0 F
1449962 2100818 0.138587910442 4 F
1449962 2101854 0.0 0 F
1449962 2103297 0.0 0 F
1449962 2104082 0.0 0 F
1449962 2104192 0.0 0 F
1449962 2105675 0.0 0 F
1449962 2109822 0.0 0 F
1449962 2110908 0.130311881568 3 F
1449962 2119919 0.0 0 F
1449962 2125155 0.0 0 F
1449962 2127100 0.0 0 F
1449962 2133274 0.0 0 F
1449962 2133474 0.0 0 F
1449962 2136650 0.0 0 F
1449962 2138190 0.0 0 F
1449962 2138380 0.0 0 F
1449962 2139517 0.0 0 F
1449962 2146884 0.151013864455 5 F
1449962 2147042 0.0 0 F
1449962 2151310 0.0 0 F
1449962 2157680 0.0 0 F
1449962 2158751 0.153680492772 4 F
1449962 2164604 0.134925914766 4 F
1449962 2167329 0.0 0 F
1449962 2179061 0.137722721209 5 F
1449962 2179793 0.144709073324 5 F
1449962 2185550 0.0 0 F
1449962 2185628 0.13319159499 4 F
1449962 2186454 0.141062466523 4 F
1449962 2191362 0.1293181272 3 F
1449962 2193884 0.148204621005 5 F
1449962 2194792 0.134078180532 3 F
1449962 2199089 0.0 0 F
1449962 2201577 0.137862549287 4 F
1449962 2205564 0.13646545772 4 F
1449962 2211327 0.14016175732 5 F
1449962 2217999 0.0 0 F
1449962 2220084 0.0 0 F
1449962 2221308 0.0 0 F
1449962 2222877 0.132116039084 3 F
1449962 2222901 0.149355263432 3 F
1449962 2228185 0.136560173268 3 F
1449962 2228634 0.0 0 F
1449962 2230746 0.0 0 F
1449962 2233340 0.137826979986 5 F
1449962 2235073 0.148646521561 5 F
1449962 2237720 0.0 0 F
1449962 2239304 0.0 0 F
1449962 2242044 0.0 0 F
1449962 2242394 0.0 0 F
1449962 2250031 0.151797496028 5 F
2162668 138055 0.0 0 T
2162668 251443 0.0 0 T
2162668 279875 0.0 0 T
2162668 748434 0.16571969697 6 T
2162668 1251802 0.16571969697 4 T
2162668 1560890 0.0 0 T
2162668 1829457 0.0 0 T
2162668 2241017 0.0 0 T
2162668 942672 0.116644385027 4 F
2162668 1397150 0.118538324421 5 F
2162668 1400521 0.0 0 F
2162668 1526940 0.0 0 F
1753598 512507 0.146993439176 4 T
1753598 566117 0.212972255018 6 T
1753598 1115915 0.207228882229 5 T
1753598 1148200 0.0 0 T
1753598 1179531 0.0 0 T
1753598 1895070 0.232951076701 5 T
1753598 2111157 0.203742163009 5 T
1753598 2241425 0.206620965242 4 T
1753598 7156 0.0 0 F
1753598 186485 0.0 0 F
1753598 262773 0.13833173314 3 F
1753598 410136 0.0 0 F
1753598 734669 0.0 0 F
1753598 858330 0.0 0 F
1753598 1003603 0.0 0 F
1753598 1191635 0.155451366815 4 F
1753598 1325812 0.0 0 F
1753598 1631003 0.0 0 F
1753598 1773089 0.184065260758 4 F
1753598 1955679 0.0 0 F
1753598 2161430 0.161652807586 7 F
1753598 2162225 0.0 0 F
1753598 2185190 0.0 0 F
1253364 4113 0.160034562162 5 T
1253364 50473 0.0 0 T
1253364 71048 0.0 0 T
1253364 88130 0.0 0 T
1253364 196209 0.0 0 T
1253364 207522 0.0 0 T
1253364 266274 0.0 0 T
1253364 272577 0.140414755799 5 T
1253364 314091 0.172739484522 7 T
1253364 382546 0.0 0 T
1253364 464584 0.0 0 T
1253364 551680 0.0 0 T
1253364 607110 0.0 0 T
1253364 688564 0.0 0 T
1253364 700835 0.0 0 T
1253364 727864 0.15267871142 3 T
1253364 826025 0.0 0 T
1253364 889773 0.171929552215 4 T
1253364 959957 0.0 0 T
1253364 1069572 0.0 0 T
1253364 1077995 0.0 0 T
1253364 1083426 0.0 0 T
1253364 1182254 0.15362388536 4 T
1253364 1200471 0.0 0 T
1253364 1210698 0.0 0 T
1253364 1401081 0.16738478674 5 T
1253364 1420496 0.0 0 T
1253364 1716452 0.0 0 T
1253364 1716897 0.0 0 T
1253364 1731389 0.0 0 T
1253364 1798682 0.0 0 T
1253364 1869240 0.0 0 T
1253364 1894928 0.0 0 T
1253364 2048203 0.173095234895 5 T
1253364 2183828 0.169338763157 5 T
1253364 2249820 0.0 0 T
1253364 2257571 0.166391423409 4 T
1253364 20388 0.0 0 F
1253364 74336 0.0 0 F
1253364 119937 0.138387143961 4 F
1253364 124665 0.0 0 F
1253364 142711 0.152865090852 4 F
1253364 143384 0.0 0 F
1253364 145353 0.0 0 F
1253364 198466 0.148937467873 5 F
1253364 203830 0.127989192098 3 F
1253364 206552 0.0 0 F
1253364 219531 0.0 0 F
1253364 252438 0.0 0 F
1253364 253970 0.134591249983 7 F
1253364 256859 0.0 0 F
1253364 326347 0.0 0 F
1253364 346087 0.0 0 F
1253364 364324 0.13913456299 2 F
1253364 445382 0.152689603085 4 F
1253364 460873 0.143436942299 5 F
1253364 531127 0.0 0 F
1253364 540804 0.0 0 F
1253364 585703 0.142359591173 6 F
1253364 619570 0.134334389446 4 F
1253364 626870 0.0 0 F
1253364 694099 0.142940581707 5 F
1253364 753481 0.0 0 F
1253364 799199 0.129703882393 3 F
1253364 817547 0.165947277948 4 F
1253364 825088 0.147554853572 6 F
1253364 826400 0.135699937679 4 F
1253364 833373 0.0 0 F
1253364 864435 0.0 0 F
1253364 903059 0.146924353096 4 F
1253364 926774 0.131034773515 4 F
1253364 941756 0.0 0 F
1253364 986589 0.117310799828 3 F
1253364 1158017 0.0 0 F
1253364 1210006 0.152281602434 3 F
1253364 1218821 0.0 0 F
1253364 1229405 0.0 0 F
1253364 1256115 0.0947915871324 1 F
1253364 1316318 0.0 0 F
1253364 1359976 0.0 0 F
1253364 1360557 0.155304962642 5 F
1253364 1399684 0.0 0 F
1253364 1455866 0.111954570106 1 F
1253364 1461166 0.158769043666 5 F
1253364 1516143 0.0 0 F
1253364 1527519 0.0 0 F
1253364 1538533 0.0941419056492 1 F
1253364 1574576 0.0 0 F
1253364 1644213 0.151160509876 5 F
1253364 1670879 0.0 0 F
1253364 1675256 0.0 0 F
1253364 1716738 0.0 0 F
1253364 1728443 0.0 0 F
1253364 1774390 0.0 0 F
1253364 1779390 0.126006893732 4 F
1253364 1844015 0.137534359094 7 F
1253364 1874151 0.146879172751 5 F
1253364 1891641 0.141827432273 8 F
1253364 1895723 0.0 0 F
1253364 1965450 0.0 0 F
1253364 1968027 0.14938134296 4 F
1253364 1997645 0.0 0 F
1253364 2028228 0.134269560781 4 F
1253364 2058810 0.145698767842 3 F
1253364 2069810 0.0 0 F
1253364 2119809 0.148747447881 5 F
1253364 2129488 0.151851910002 3 F
1253364 2163201 0.12773637568 5 F
1253364 2256294 0.0 0 F
376821 167591 0.106045678459 5 T
376821 556138 0.164563214563 6 T
376821 959302 0.0 0 T
376821 1214531 0.0 0 T
376821 1265847 0.0 0 T
376821 1496668 0.143818098166 5 T
376821 1657472 0.0977994227994 3 T
376821 1678599 0.0 0 T
376821 2046660 0.152705507053 5 T
376821 110668 0.0 0 F
376821 133044 0.0 0 F
376821 463114 0.0 0 F
376821 827032 0.0 0 F
376821 827696 0.0 0 F
376821 911823 0.0 0 F
376821 941902 0.103615532848 3 F
376821 1119686 0.0 0 F
376821 1152882 0.0 0 F
376821 1249603 0.0 0 F
376821 1272637 0.0 0 F
376821 1638793 0.0 0 F
376821 1976971 0.0854384672566 3 F
376821 2247013 0.0 0 F
1998839 35075 0.144765368406 3 T
1998839 96346 0.158360579053 4 T
1998839 126460 0.0 0 T
1998839 175724 0.0 0 T
1998839 204189 0.145284970623 4 T
1998839 217628 0.0 0 T
1998839 293058 0.0 0 T
1998839 335126 0.0 0 T
1998839 439249 0.0 0 T
1998839 580886 0.155907284935 5 T
1998839 708902 0.157054684735 3 T
1998839 752273 0.13986254315 4 T
1998839 1023274 0.141477201022 4 T
1998839 1045892 0.207856354859 7 T
1998839 1080906 0.0 0 T
1998839 1087348 0.0 0 T
1998839 1101658 0.0 0 T
1998839 1218425 0.153846218569 3 T
1998839 1243817 0.0 0 T
1998839 1249134 0.0 0 T
1998839 1369787 0.0 0 T
1998839 1426118 0.0 0 T
1998839 1455662 0.0 0 T
1998839 1561592 0.172567086573 5 T
1998839 1881206 0.0 0 T
1998839 1990689 0.137838463741 3 T
1998839 1993250 0.0 0 T
1998839 99840 0.0 0 F
1998839 507125 0.0 0 F
1998839 645304 0.149010190221 5 F
1998839 718782 0.0 0 F
1998839 900530 0.138662833266 6 F
1998839 1569247 0.0 0 F
1998839 1785762 0.140173051352 4 F
1998839 1840920 0.0 0 F
1998839 2243496 0.125724110274 6 F
1467732 421 0.0 0 T
1467732 12248 0.0 0 T
1467732 40872 0.0 0 T
1467732 52262 0.0 0 T
1467732 132455 0.0 0 T
1467732 143936 0.0 0 T
1467732 152690 0.130868351067 4 T
1467732 237015 0.0 0 T
1467732 241172 0.0 0 T
1467732 242211 0.0 0 T
1467732 247443 0.0 0 T
1467732 272561 0.0 0 T
1467732 357466 0.0 0 T
1467732 364208 0.0829600673742 3 T
1467732 368161 0.0 0 T
1467732 407415 0.121985193287 3 T
1467732 420590 0.0 0 T
1467732 433630 0.119269492534 5 T
1467732 443971 0.0 0 T
1467732 449927 0.0 0 T
1467732 469903 0.0 0 T
1467732 479052 0.0812762785589 3 T
1467732 621927 0.126042385412 3 T
1467732 632555 0.0 0 T
1467732 646992 0.0 0 T
1467732 669390 0.0 0 T
1467732 681952 0.0941828680997 3 T
1467732 707230 0.0 0 T
1467732 714434 0.0 0 T
1467732 759768 0.122895218925 5 T
1467732 781892 0.0 0 T
1467732 815633 0.137836147534 2 T
1467732 933651 0.0 0 T
1467732 970962 0.0 0 T
1467732 976143 0.0 0 T
1467732 988256 0.0 0 T
1467732 991227 0.0829600673742 3 T
1467732 1003154 0.0 0 T
1467732 1153412 0.0 0 T
1467732 1177692 0.0 0 T
1467732 1187681 0.0 0 T
1467732 1200721 0.0 0 T
1467732 1289606 0.127094945167 4 T
1467732 1312854 0.0 0 T
1467732 1379603 0.0 0 T
1467732 1423266 0.062402536201 2 T
1467732 1457265 0.0 0 T
1467732 1609848 0.0 0 T
1467732 1681961 0.0 0 T
1467732 1688580 0.0 0 T
1467732 1734742 0.0 0 T
1467732 1746676 0.0 0 T
1467732 1810294 0.0547710213833 1 T
1467732 1889829 0.0 0 T
1467732 1914903 0.0 0 T
1467732 1927825 0.129250346933 4 T
1467732 1938836 0.0 0 T
1467732 1943567 0.0 0 T
1467732 1962905 0.0 0 T
1467732 2037208 0.0 0 T
1467732 2141463 0.0 0 T
1467732 2204363 0.119220722266 3 T
1467732 2214581 0.0984807784808 3 T
1467732 2236932 0.0 0 T
1467732 493262 0.0 0 F
1467732 662166 0.0 0 F
1467732 799183 0.0 0 F
1467732 834867 0.0 0 F
1467732 865237 0.0 0 F
1467732 905285 0.0 0 F
1467732 1188820 0.0 0 F
1467732 1351703 0.0729350182153 5 F
1467732 1617080 0.0 0 F
1467732 2083537 0.0 0 F
1467732 2085522 0.0 0 F
262138 1253983 0.0 0 T
262138 1308355 0.0 0 T
262138 1426356 0.0311111111111 1 T
262138 1959592 0.0 0 T
262138 2234688 0.0 0 T
262138 70458 0.0311111111111 5 F
262138 151581 0.0 0 F
262138 1087466 0.0 0 F
262138 1436418 0.0 0 F
262138 2016793 0.0 0 F
786427 19892 0.196103348381 4 T
786427 36702 0.0 0 T
786427 68357 0.0 0 T
786427 76504 0.0 0 T
786427 81615 0.0 0 T
786427 191442 0.230352123718 4 T
786427 196069 0.0 0 T
786427 222298 0.0 0 T
786427 343522 0.0 0 T
786427 469098 0.0 0 T
786427 474477 0.0 0 T
786427 484409 0.200091084602 3 T
786427 490404 0.0 0 T
786427 587387 0.20629665552 4 T
786427 633255 0.0 0 T
786427 640104 0.0 0 T
786427 672640 0.0 0 T
786427 675448 0.0 0 T
786427 707352 0.0 0 T
786427 809769 0.0 0 T
786427 828367 0.185156695434 2 T
786427 872358 0.210508099436 4 T
786427 967409 0.0 0 T
786427 1067544 0.0 0 T
786427 1086591 0.0 0 T
786427 1125852 0.208769703093 4 T
786427 1174625 0.0 0 T
786427 1251340 0.198420610875 3 T
786427 1308661 0.0 0 T
786427 1328351 0.195741016953 4 T
786427 1407548 0.217147868635 6 T
786427 1444708 0.208670499516 4 T
786427 1449700 0.195199248895 4 T
786427 1488117 0.204996319128 5 T
786427 1493379 0.0809615871609 1 T
786427 1501877 0.203110293128 3 T
786427 1538906 0.0 0 T
786427 1539188 0.0 0 T
786427 1612242 0.16715756844 2 T
786427 1617980 0.0 0 T
786427 1713726 0.0 0 T
786427 1747430 0.0 0 T
786427 1756094 0.22245593032 6 T
786427 1757444 0.0 0 T
786427 1796554 0.0 0 T
786427 1841838 0.0 0 T
786427 1942737 0.0 0 T
786427 1999443 0.0 0 T
786427 2047605 0.0 0 T
786427 2097223 0.0 0 T
786427 2155953 0.0 0 T
786427 2186665 0.0 0 T
786427 2246779 0.0 0 T
786427 2250270 0.175726969402 3 T
786427 2263 0.206738703433 7 F
786427 22404 0.0 0 F
786427 30014 0.227601539215 5 F
786427 45193 0.222637419384 4 F
786427 53424 0.196177799787 7 F
786427 58198 0.190669639081 5 F
786427 62187 0.0 0 F
786427 73348 0.0 0 F
786427 75879 0.0 0 F
786427 77061 0.0 0 F
786427 101042 0.0 0 F
786427 106270 0.206949196949 5 F
786427 114734 0.0 0 F
786427 122252 0.0 0 F
786427 129467 0.195888061818 3 F
786427 142724 0.248351783173 4 F
786427 144511 0.178349658065 2 F
786427 155754 0.215422622834 5 F
786427 159822 0.0 0 F
786427 171033 0.213741034486 4 F
786427 173856 0.0 0 F
786427 178289 0.194255938351 3 F
786427 192283 0.206736362567 6 F
786427 206970 0.173054969669 5 F
786427 214885 0.202166804388 4 F
786427 223099 0.0 0 F
786427 251521 0.0 0 F
786427 257273 0.195081325892 4 F
786427 259568 0.245556149154 5 F
786427 276257 0.176554677428 4 F
786427 281109 0.214220842315 5 F
786427 295100 0.215936678971 4 F
786427 312088 0.159725969605 3 F
786427 331220 0.235404013341 4 F
786427 333372 0.179138050857 4 F
786427 341672 0.0 0 F
786427 348382 0.0 0 F
786427 367418 0.21383935771 4 F
786427 407464 0.0 0 F
786427 412807 0.169578254445 6 F
786427 425018 0.187225241079 3 F
786427 449316 0.219443913673 6 F
786427 475808 0.163461837191 1 F
786427 498748 0.197031564651 3 F
786427 510030 0.0 0 F
786427 525115 0.19764062302 4 F
786427 559163 0.219724706059 4 F
786427 566991 0.0 0 F
786427 575848 0.0 0 F
786427 593557 0.0 0 F
786427 596882 0.201856080676 7 F
786427 603471 0.177368087131 3 F
786427 617306 0.202068404825 4 F
786427 622570 0.222032629745 4 F
786427 634128 0.168842652359 4 F
786427 637169 0.0 0 F
786427 646664 0.213037139552 4 F
786427 647826 0.178563782252 4 F
786427 662855 0.0 0 F
786427 676523 0.0 0 F
786427 703899 0.0 0 F
786427 709771 0.0 0 F
786427 711936 0.0 0 F
786427 718173 0.181757776798 4 F
786427 728855 0.0 0 F
786427 787674 0.198028959354 4 F
786427 813911 0.226268645787 4 F
786427 817789 0.0 0 F
786427 838536 0.179061153812 4 F
786427 865881 0.224576429994 5 F
786427 929394 0.171629805266 3 F
786427 935717 0.167061282612 3 F
786427 950384 0.202438669746 4 F
786427 956739 0.0 0 F
786427 1032832 0.136898113963 1 F
786427 1037132 0.0 0 F
786427 1051422 0.20217163172 5 F
786427 1064862 0.0 0 F
786427 1082788 0.0 0 F
786427 1087306 0.0 0 F
786427 1103024 0.197938928964 3 F
786427 1113471 0.208219093435 3 F
786427 1148075 0.0 0 F
786427 1155338 0.0 0 F
786427 1190064 0.230217062108 6 F
786427 1194607 0.217913160185 5 F
786427 1249521 0.196747150139 3 F
786427 1268290 0.208322126525 6 F
786427 1285457 0.0 0 F
786427 1307101 0.217334145913 7 F
786427 1318483 0.24175172688 6 F
786427 1375911 0.177354038081 4 F
786427 1384750 0.217217201502 5 F
786427 1402579 0.221912643461 4 F
786427 1405397 0.218518063134 5 F
786427 1424503 0.0 0 F
786427 1437133 0.0 0 F
786427 1445140 0.0 0 F
786427 1469522 0.0 0 F
786427 1484594 0.204545867597 5 F
786427 1484761 0.184370669718 3 F
786427 1509176 0.0 0 F
786427 1525547 0.207304330147 4 F
786427 1534948 0.0 0 F
786427 1545972 0.178010110052 2 F
786427 1556814 0.184101479583 6 F
786427 1565970 0.173532951574 3 F
786427 1573064 0.212382053674 4 F
786427 1585400 0.175995747353 7 F
786427 1585691 0.0 0 F
786427 1588304 0.158787409865 4 F
786427 1599908 0.0 0 F
786427 1626544 0.237600825624 4 F
786427 1633721 0.187701038427 5 F
786427 1650546 0.216244772504 7 F
786427 1655311 0.18950347643 3 F
786427 1658374 0.0 0 F
786427 1660672 0.0 0 F
786427 1665666 0.164557932102 4 F
786427 1666194 0.0 0 F
786427 1683800 0.0 0 F
786427 1700634 0.243746235337 4 F
786427 1719952 0.212186967248 4 F
786427 1761034 0.0 0 F
786427 1761657 0.0 0 F
786427 1765057 0.184693091257 4 F
786427 1772097 0.0 0 F
786427 1788447 0.18908835414 3 F
786427 1814927 0.20015200203 4 F
786427 1820130 0.19610454658 3 F
786427 1841819 0.201577628068 4 F
786427 1881129 0.187091219479 5 F
786427 1889775 0.186420939059 3 F
786427 1895017 0.197865001307 4 F
786427 1970048 0.202541995635 4 F
786427 1994671 0.203776152492 4 F
786427 2004329 0.224941724246 5 F
786427 2005977 0.0 0 F
786427 2015359 0.189307525513 3 F
786427 2018418 0.188715029447 3 F
786427 2034718 0.0 0 F
786427 2034872 0.0 0 F
786427 2047539 0.205411113079 4 F
786427 2097249 0.209342446404 4 F
786427 2099092 0.19113278485 4 F
786427 2101202 0.16901479216 2 F
786427 2104262 0.0 0 F
786427 2136744 0.210701076809 4 F
786427 2137450 0.220928899362 7 F
786427 2156048 0.219554805584 6 F
786427 2194448 0.206385899682 5 F
786427 2243523 0.0 0 F
786427 2249991 0.0768853475289 1 F
1441790 37259 0.0 0 T
1441790 42540 0.0 0 T
1441790 71985 0.0 3 T
1441790 126669 0.0 0 T
1441790 152567 0.0 0 T
1441790 494579 0.0 0 T
1441790 1143154 0.0 0 T
1441790 1222234 0.0 0 T
1441790 1566711 0.0 0 T
1441790 1919840 0.0 0 T
1441790 2066718 0.0 0 T
1441790 2128325 0.0 0 T
1441790 2156395 0.0 0 T
1441790 2248938 0.0 0 T
1441790 1321423 0.0 0 F
148821 153261 0.0 0 T
148821 168673 0.228129818519 4 T
148821 437548 0.215349273617 3 T
148821 461828 0.228129818519 4 T
148821 573645 0.232006797756 5 T
148821 628658 0.212999518487 4 T
148821 759692 0.217016317016 4 T
148821 926562 0.205692737896 3 T
148821 926638 0.0 0 T
148821 1165592 0.253744231308 4 T
148821 1505138 0.0 0 T
148821 1895807 0.0 0 T
148821 2108451 0.0 0 T
148821 787081 0.0 0 F
