2075795 3075 8.82857142857 -0.00376176712425 T
2075795 10157 8.26 -0.775670238646 T
2075795 14681 8.34 -0.639555357425 T
2075795 23060 8.696 -0.15087750834 T
2075795 32480 8.78 -0.0581378059911 T
2075795 42103 8.32888888889 -0.675490451535 T
2075795 46507 8.807 -0.00822807372908 T
2075795 52062 7.6 -1.70366396752 T
2075795 68303 7.83142857143 -1.33009030752 T
2075795 70355 9.83681818182 1.39255587937 T
2075795 72316 9.92074074074 1.53651775988 T
2075795 74258 8.49111111111 -0.436238136312 T
2075795 82531 9.453 0.872951429021 T
2075795 89967 7.372 -1.95444683652 T
2075795 94728 9.42222222222 0.820770286537 T
2075795 101006 9.82492307692 1.39276610538 T
2075795 105902 8.71777777778 -0.121946017923 T
2075795 114444 9.90681818182 1.51326304219 T
2075795 117114 9.13777777778 0.438089911251 T
2075795 125065 7.692 -1.53596463597 T
2075795 131442 7.472 -1.8381443759 T
2075795 135907 9.06222222222 0.344891273601 T
2075795 152119 8.86142857143 0.0731318546741 T
2075795 155592 8.288 -0.728325753241 T
2075795 162097 9.04 0.29019268187 T
2075795 170302 8.68857142857 -0.188495551268 T
2075795 171262 8.36285714286 -0.618721813388 T
2075795 173756 10.405974026 2.1721707629 T
2075795 179253 8.9437037037 0.165874313535 T
2075795 209026 8.328 -0.685875188681 T
2075795 220331 9.05942857143 0.331871674367 T
2075795 222680 9.08142857143 0.347987301032 T
2075795 222744 8.88444444444 0.112135675 T
2075795 245887 9.52703703704 0.960939224421 T
2075795 249120 7.83777777778 -1.3766233865 T
2075795 251374 7.464 -1.86778706417 T
2075795 257871 8.41 -0.556056129454 T
2075795 270555 9.33142857143 0.704851137737 T
2075795 281503 8.01111111111 -1.11673404349 T
2075795 293975 8.23428571429 -0.81224826999 T
2075795 308474 8.92740740741 0.163437594689 T
2075795 331227 7.84222222222 -1.33021459488 T
2075795 338361 7.92888888889 -1.21338055353 T
2075795 347107 8.29142857143 -0.748691013624 T
2075795 357191 9.68857142857 1.18710865226 T
2075795 394157 7.452 -1.82159776016 T
2075795 403036 9.9 1.48287651328 T
2075795 405705 9.732 1.2316853671 T
2075795 410367 7.74444444444 -1.40903283123 T
2075795 414034 7.82 -1.38465153543 T
2075795 426658 10.3253846154 2.1085073933 T
2075795 451940 9.93 1.51357904863 T
2075795 457883 8.84740740741 0.0337948375618 T
2075795 460061 9.49571428571 0.921945549826 T
2075795 467499 9.52264150943 0.953723011607 T
2075795 480666 8.116 -0.977415869609 T
2075795 485061 9.368 0.748281340644 T
2075795 510016 8.89428571429 0.104134279692 T
2075795 520244 8.30571428571 -0.707432040367 T
2075795 541894 9.49925925926 0.928534426529 T
2075795 544943 8.28222222222 -0.727831115754 T
2075795 557287 9.34514285714 0.707980030824 T
2075795 569912 9.82857142857 1.3399874066 T
2075795 574864 10.2063636364 1.91076892858 T
2075795 579018 9.26571428571 0.60835338946 T
2075795 594537 9.507 0.930002234478 T
2075795 598910 8.72888888889 -0.109430350443 T
2075795 606540 7.92 -1.26967889206 T
2075795 616359 8.48857142857 -0.452031491209 T
2075795 627399 9.76057142857 1.29636157059 T
2075795 628705 9.56428571429 1.04359802547 T
2075795 631035 8.54571428571 -0.373713914962 T
2075795 673210 9.42857142857 0.829488264897 T
2075795 695784 9.787 1.32491196871 T
2075795 698612 8.939 0.149380865135 T
2075795 701686 9.35857142857 0.763036565138 T
2075795 701901 9.21454545455 0.553827334172 T
2075795 721286 8.10222222222 -1.00864916408 T
2075795 730792 8.8 -0.0231998310401 T
2075795 731203 8.574 -0.311733718144 T
2075795 734081 9.42666666667 0.832019185093 T
2075795 761831 9.26 0.601870919401 T
2075795 766829 9.07285714286 0.354965324231 T
2075795 776707 9.151 0.442058762451 T
2075795 783223 9.93136363636 1.520220865 T
2075795 789523 8.10444444444 -0.988599662765 T
2075795 791186 9.41703703704 0.832158318441 T
2075795 791635 8.98863636364 0.234136956621 T
2075795 799640 9.12 0.412412955606 T
2075795 814944 9.10666666667 0.406640934137 T
2075795 815696 8.941 0.156150209983 T
2075795 832618 7.504 -1.82708203901 T
2075795 837668 7.672 -1.61101177965 T
2075795 840675 9.446 0.850320376803 T
2075795 883375 7.86 -1.34881526941 T
2075795 885193 8.216 -0.849179241492 T
2075795 888394 8.33571428571 -0.650681426401 T
2075795 899790 9.226 0.54914644365 T
2075795 903128 8.59777777778 -0.268230784775 T
2075795 906016 8.38888888889 -0.599311385495 T
2075795 925378 8.14666666667 -0.92667254139 T
2075795 932125 9.78851851852 1.3361493223 T
2075795 935084 7.228 -2.23881125316 T
2075795 939842 9.05333333333 0.332852747788 T
2075795 940294 8.655 -0.230497452989 T
2075795 974804 8.16222222222 -0.909834436269 T
2075795 979895 9.086 0.359605552334 T
2075795 989854 8.97261538462 0.188107068388 T
2075795 990165 8.38444444444 -0.639756629391 T
2075795 998369 9.74224719101 1.28472211807 T
2075795 1002175 6.976 -2.45903203425 T
2075795 1002371 8.988 0.230484952441 T
2075795 1003435 8.14 -0.935739648178 T
2075795 1006456 7.92 -1.21337017697 T
2075795 1006496 8.669 -0.193074944643 T
2075795 1063892 8.22 -0.830423927136 T
2075795 1077347 8.24222222222 -0.768141112353 T
2075795 1090027 9.146 0.450284442899 T
2075795 1097039 10.1817142857 1.86474589744 T
2075795 1107795 9.28444444444 0.65590703843 T
2075795 1112012 7.76 -1.44328204217 T
2075795 1113844 9.284 0.639126257296 T
2075795 1141592 8.866 0.0447370277201 T
2075795 1147094 9.37142857143 0.745112143567 T
2075795 1159977 8.596 -0.296622982179 T
2075795 1178152 8.07333333333 -0.970318887071 T
2075795 1184345 9.47028571429 0.871440287506 T
2075795 1188709 9.194 0.532537079269 T
2075795 1189522 9.73703703704 1.27066553782 T
2075795 1199132 10.1225925926 1.81253739492 T
2075795 1213288 7.628 -1.62150365343 T
2075795 1226101 9.07 0.331981978195 T
2075795 1259824 8.22 -0.81303358208 T
2075795 1264873 8.68571428571 -0.171521700811 T
2075795 1265558 8.913 0.150167175132 T
2075795 1274535 8.61407407407 -0.282614088196 T
2075795 1315136 7.184 -2.27767650819 T
2075795 1341594 8.42142857143 -0.557620376641 T
2075795 1343486 9.32518518519 0.678888834551 T
2075795 1356338 9.19259259259 0.486220718693 T
2075795 1372109 9.544 0.989089760189 T
2075795 1383372 8.14 -0.940441696921 T
2075795 1387486 9.156 0.483693876516 T
2075795 1392067 8.0 -1.12985188592 T
2075795 1394539 10.0234285714 1.61180664148 T
2075795 1409831 8.79285714286 -0.0421955700457 T
2075795 1438941 8.58444444444 -0.316244759792 T
2075795 1442514 8.64714285714 -0.229427514319 T
2075795 1467125 9.57720930233 1.04465234235 T
2075795 1471460 8.44222222222 -0.522205042799 T
2075795 1483285 8.44285714286 -0.499372070048 T
2075795 1489807 9.065 0.347966335238 T
2075795 1493568 8.28285714286 -0.727749330298 T
2075795 1498569 9.17111111111 0.46315991254 T
2075795 1511106 10.3637037037 2.09873332223 T
2075795 1530037 8.761 -0.0751677533656 T
2075795 1531183 9.36666666667 0.744827837492 T
2075795 1542974 8.34666666667 -0.632652888653 T
2075795 1552404 8.70666666667 -0.158531943556 T
2075795 1552641 8.44142857143 -0.488041633426 T
2075795 1567665 9.15 0.45732326132 T
2075795 1572585 8.53714285714 -0.374636955551 T
2075795 1579567 8.45333333333 -0.521214154489 T
2075795 1602926 9.63 1.11400493368 T
2075795 1616180 8.024 -1.10822171397 T
2075795 1625349 8.86 0.043614347839 T
2075795 1644882 9.431 0.817017542243 T
2075795 1655064 8.93185185185 0.160186020571 T
2075795 1657020 9.134 0.4390924935 T
2075795 1661742 9.54814814815 0.999267948262 T
2075795 1662075 9.52285714286 0.968629732109 T
2075795 1682101 8.99111111111 0.227388309921 T
2075795 1690109 7.848 -1.35376741886 T
2075795 1692818 8.28 -0.7239879712 T
2075795 1705762 8.399 -0.569116711392 T
2075795 1728010 7.376 -1.96630456037 T
2075795 1746059 8.72428571429 -0.126477613939 T
2075795 1747981 8.80571428571 -0.0152324989522 T
2075795 1770026 7.48222222222 -1.78449054882 T
2075795 1773946 9.57925925926 1.03532780661 T
2075795 1777207 9.31714285714 0.699302800092 T
2075795 1779895 8.98714285714 0.240493698147 T
2075795 1781859 7.196 -2.25257500983 T
2075795 1793191 9.78696629213 1.3432750524 T
2075795 1794303 8.895 0.102952037171 T
2075795 1800356 9.85 1.4003543903 T
2075795 1807599 8.558 -0.34258586668 T
2075795 1807818 9.07555555556 0.361027979292 T
2075795 1813230 8.52 -0.405166930024 T
2075795 1814049 9.05407407407 0.31619546906 T
2075795 1817700 9.01714285714 0.262843140119 T
2075795 1822311 7.93555555556 -1.21192726175 T
2075795 1834129 8.595 -0.322551264001 T
2075795 1850236 9.021 0.272744213412 T
2075795 1854613 8.835 0.0323906546784 T
2075795 1862840 7.87333333333 -1.29742188685 T
2075795 1882989 8.19 -0.88709273003 T
2075795 1887240 7.79777777778 -1.40190844265 T
2075795 1888583 10.0777142857 1.71541793681 T
2075795 1888756 8.76428571429 -0.0721897817185 T
2075795 1892852 8.575 -0.321613912481 T
2075795 1893452 9.64428571429 1.12614583401 T
2075795 1905522 8.83777777778 0.0203350127205 T
2075795 1912861 8.967 0.174217051019 T
2075795 1914491 8.581 -0.312131201693 T
2075795 1919768 9.51909090909 0.958169543509 T
2075795 1922125 7.768 -1.45340422842 T
2075795 1935244 10.07 1.72592277581 T
2075795 1942279 8.07333333333 -1.02397186951 T
2075795 1948029 8.25333333333 -0.790261528343 T
2075795 1962442 8.974 0.214174025531 T
2075795 1962993 8.884 0.0920458167039 T
2075795 1971705 8.306 -0.709859222718 T
2075795 1985960 10.2625925926 1.9595752272 T
2075795 2014087 9.65181818182 1.13660938587 T
2075795 2014664 8.69714285714 -0.17352327898 T
2075795 2019889 9.01333333333 0.263392732535 T
2075795 2026567 8.391 -0.527200417341 T
2075795 2031737 8.20666666667 -0.815019225724 T
2075795 2031857 8.23111111111 -0.790159248609 T
2075795 2032517 7.944 -1.1352922331 T
2075795 2049332 10.0568831169 1.68858931305 T
2075795 2063194 9.46857142857 0.890354169675 T
2075795 2068839 9.38888888889 0.792116352664 T
2075795 2101250 9.08742857143 0.356239456755 T
2075795 2104618 7.68444444444 -1.51591228049 T
2075795 2105522 8.01555555556 -1.10853336209 T
2075795 2111214 9.041 0.314245689183 T
2075795 2121863 9.59090909091 1.05135645505 T
2075795 2138115 9.42285714286 0.827573836068 T
2075795 2138285 8.84888888889 0.0477912043656 T
2075795 2139701 8.12666666667 -0.891667556269 T
2075795 2140635 8.60888888889 -0.315408536224 T
2075795 2157636 10.48 2.31469306911 T
2075795 2171616 9.58666666667 1.05247239178 T
2075795 2176703 8.9 0.109360744459 T
2075795 2179865 8.983 0.236482963041 T
2075795 2189052 9.53257142857 0.971477779935 T
2075795 2201045 8.21 -0.842909901402 T
2075795 2207880 8.87333333333 0.0611243261715 T
2075795 2209395 10.0777272727 1.71611946165 T
2075795 2246274 8.47857142857 -0.46841821981 T
2075795 2252704 9.22285714286 0.573175489667 T
2075795 2176229 10.4949090909 2.30932965562 F
1335494 523595 6.408 -2.09138760902 T
1335494 564218 9.47777777778 1.53385723051 T
1335494 639001 7.11571428571 -1.14915506538 T
1335494 703305 7.67 -0.571292679817 T
1335494 765195 9.54285714286 1.70654326125 T
1335494 1104351 8.09857142857 -0.109460236389 T
1335494 1156343 8.72222222222 0.637621455608 T
1335494 1171718 8.56142857143 0.506300947784 T
1335494 1387076 8.737 0.691023016801 T
1335494 1570157 8.56057142857 0.572834198882 T
1335494 1973619 7.11 -1.20001121194 T
1335494 2020033 7.50857142857 -0.819376591649 T
1335494 2064557 8.58285714286 0.533765301877 T
1335494 471249 7.87066666667 -0.153960996896 F
1229710 152665 9.7875 0.626983686106 T
1229710 250040 9.2875 -1.15295340208 T
1229710 449781 9.18 -2.25060081987 T
1229710 451448 8.58 -4.03123439916 T
1229710 695527 9.95 0.849458295536 T
1229710 1426685 9.7425 0.572029714453 T
1229710 2007132 9.75 -0.0286392984322 T
1229710 2061052 9.79666666667 0.724429912309 F
463649 26485 8.91733333333 0.131455858257 T
463649 36583 10.2810526316 1.94982261167 T
463649 36750 9.65363636364 1.06698841503 T
463649 44715 8.91866666667 0.176099974311 T
463649 66418 9.052 0.302605050462 T
463649 81828 9.10714285714 0.381860309082 T
463649 130886 8.00666666667 -0.973096901666 T
463649 181374 8.14 -0.897852497809 T
463649 193641 8.704 -0.131936940023 T
463649 213079 9.99428571429 1.55401533294 T
463649 244031 8.85 0.0847885028084 T
463649 257254 8.47047619048 -0.439617959997 T
463649 297224 9.90285714286 1.40627382767 T
463649 342076 7.904 -1.09549031477 T
463649 458520 9.14 0.426227734921 T
463649 530501 8.23 -0.680547309045 T
463649 573401 8.95666666667 0.185624035503 T
463649 578321 7.88666666667 -1.15092186988 T
463649 638060 8.566 -0.282470120346 T
463649 653105 10.0235714286 1.55729634757 T
463649 700225 9.16476190476 0.470678861962 T
463649 715861 9.524 0.920689548204 T
463649 761290 7.70666666667 -1.37820292865 T
463649 770344 9.90666666667 1.38917378605 T
463649 889854 9.05428571429 0.337124980506 T
463649 983757 8.70266666667 -0.102861796679 T
463649 986126 7.9 -1.12525848808 T
463649 989113 9.13066666667 0.432738118043 T
463649 991175 7.13333333333 -2.19432856907 T
463649 1007366 8.03 -0.97469919468 T
463649 1034960 8.08666666667 -0.944963907615 T
463649 1048145 8.97714285714 0.213314257943 T
463649 1057338 9.152 0.451237892758 T
463649 1063866 9.168 0.468226387872 T
463649 1094563 9.47111111111 0.825361193303 T
463649 1099835 8.12666666667 -0.860919884011 T
463649 1146332 8.868 0.122113106723 T
463649 1151393 9.26611111111 0.574851825806 T
463649 1171626 8.012 -1.00817989537 T
463649 1179632 9.96 1.48961598858 T
463649 1206830 8.502 -0.333387481989 T
463649 1238479 9.06095238095 0.341092797535 T
463649 1297421 7.54333333333 -1.60593112021 T
463649 1314889 9.658 1.0981744703 T
463649 1320424 7.29333333333 -1.93322394963 T
463649 1351915 9.41857142857 0.793314951356 T
463649 1358203 10.0863636364 1.64771793448 T
463649 1363377 8.474 -0.442171308473 T
463649 1492088 9.27944444444 0.605399158815 T
463649 1534385 9.192 0.494929663508 T
463649 1756187 7.63333333333 -1.43824825162 T
463649 1760733 9.9 1.4227345325 T
463649 1765572 7.72333333333 -1.37681640833 T
463649 1847674 8.68133333333 -0.118886803989 T
463649 1851811 9.184 0.477764220704 T
463649 1852544 9.41866666667 0.77444516001 T
463649 1877355 8.136 -0.822961610072 T
463649 1894992 8.62 -0.23307646299 T
463649 1904674 7.17466666667 -2.18000562665 T
463649 1921814 9.17866666667 0.477483342752 T
463649 1953218 9.67333333333 1.11622231003 T
463649 1955856 8.114 -0.845482914738 T
463649 2007580 9.15071428571 0.44935300581 T
463649 2046713 9.736 1.21095031522 T
463649 2085581 8.60333333333 -0.241998354708 T
463649 2097931 9.49285714286 0.868110925109 T
463649 2108735 8.79333333333 -0.0248772820389 T
463649 2123808 9.11666666667 0.416982994883 T
463649 2124097 7.62 -1.4914422922 T
463649 2140839 9.36857142857 0.738892187779 T
463649 2150868 8.34333333333 -0.544114873526 T
463649 2217868 7.97333333333 -1.04667333147 T
463649 26485 8.97733333333 0.242198752031 T
463649 36583 10.2893684211 1.94145808641 T
463649 36750 9.59181818182 1.01367046773 T
463649 44715 8.88 0.0849770395547 T
463649 130886 8.1 -0.898304601676 T
463649 181374 6.98 -2.28422615757 T
463649 181374 7.88 -1.13349858926 T
463649 193641 8.472 -0.416893994444 T
463649 213079 9.85642857143 1.32320622039 T
463649 244031 9.044 0.312780300957 T
463649 257254 8.6819047619 -0.157133560403 T
463649 297224 9.93357142857 1.43590666404 T
463649 458520 9.30222222222 0.624034314951 T
463649 530501 8.14 -0.827878771775 T
463649 573401 9.10666666667 0.379673566265 T
463649 578321 8.05714285714 -0.979001638278 T
463649 638060 8.842 0.0622494831428 T
463649 653105 10.0421428571 1.59748168694 T
463649 694177 7.984 -0.967113910229 F
463649 700225 9.39523809524 0.728350912478 T
463649 700225 9.1980952381 0.501604399605 T
463649 715861 9.62933333333 1.0481161685 T
463649 761290 8.18 -0.752554582798 T
463649 770344 9.89733333333 1.41574961056 T
463649 889854 9.16095238095 0.470846052037 T
463649 983757 8.828 0.0510564162243 T
463649 986126 7.72666666667 -1.37286183083 T
463649 989113 9.19733333333 0.510859301513 T
463649 991175 7.22 -1.96103653776 T
463649 991175 7.376 -1.8169067813 T
463649 1007366 7.90333333333 -1.11919678367 T
463649 1048145 8.89357142857 0.12801420723 T
463649 1057338 9.173 0.450983839505 T
463649 1063866 9.12533333333 0.44237999265 T
463649 1094563 9.45777777778 0.845052189884 T
463649 1099835 8.02333333333 -0.955134636809 T
463649 1146332 8.95466666667 0.183703991292 T
463649 1151393 9.31555555556 0.652163903453 T
463649 1179632 10.088 1.6583268824 T
463649 1206830 8.68 -0.143742923652 T
463649 1228132 7.75333333333 -1.25630031922 F
463649 1238479 8.84952380952 0.0374303184607 T
463649 1297421 7.61333333333 -1.49515036199 T
463649 1297421 7.53 -1.66086045459 T
463649 1314889 9.616 1.0509932764 T
463649 1320424 7.41333333333 -1.701569412 T
463649 1351915 9.5 0.897694264525 T
463649 1358203 10.0939393939 1.63385713517 T
463649 1363377 8.15 -0.866077568597 T
463649 1492088 9.135 0.410217447644 T
463649 1663760 7.49666666667 -1.66410706891 F
463649 1760733 9.94 1.42735003504 T
463649 1765572 7.70333333333 -1.33100416016 T
463649 1829969 9.55911111111 0.955508042021 F
463649 1847674 8.83866666667 0.0580517372804 T
463649 1851811 9.258 0.562882888384 T
463649 1852544 9.56666666667 0.964092762168 T
463649 1877355 8.436 -0.421493930709 T
463649 1894992 9.26 0.56757805045 T
463649 1904674 7.61866666667 -1.51482860792 T
463649 1904674 7.21866666667 -2.02526306106 T
463649 1921814 9.37066666667 0.74968980154 T
463649 1953218 9.68095238095 1.11157693031 T
463649 1953218 9.87142857143 1.37824381419 T
463649 1955856 8.144 -0.861688317742 T
463649 2046713 9.777 1.25087565812 T
463649 2085581 8.61666666667 -0.219931233598 T
463649 2085581 8.00333333333 -0.983058205814 T
463649 2097931 9.65142857143 1.09089461582 T
463649 2108735 8.9 0.126369431655 T
463649 2123808 9.27 0.610814822848 T
463649 2124097 7.26 -1.92536122559 T
463649 2140839 9.30571428571 0.640319091727 T
463649 2150868 7.95666666667 -1.053123326 T
463649 2216748 8.75238095238 -0.0464635013049 F
463649 2217868 8.11333333333 -0.894846380014 T
2008446 15573 9.18666666667 -0.456008892188 T
2008446 25799 10.924 1.48602870686 T
2008446 37292 10.0421052632 0.482656552275 T
2008446 64214 10.2178947368 0.688809143676 T
2008446 76135 10.148 0.597808745103 T
2008446 93867 10.5314285714 1.02187900073 T
2008446 97854 10.1533333333 0.593672958604 T
2008446 120055 10.4875 0.951306876243 T
2008446 121211 10.61 1.10276062401 T
2008446 173934 10.799 1.32104789393 T
2008446 175664 10.9 1.45045922798 T
2008446 207182 10.183 0.651623117811 T
2008446 226911 9.56 -0.0482756418498 T
2008446 307774 10.0666666667 0.531262028612 T
2008446 324274 9.122 -0.542067936653 T
2008446 393827 9.528 -0.0743070080485 T
2008446 401972 10.4688888889 0.970250351319 T
2008446 419378 9.26 -0.357055648013 T
2008446 428209 9.888 0.315297211864 T
2008446 429549 10.3421052632 0.808112060296 T
2008446 433807 10.4336842105 0.919110266212 T
2008446 451295 9.90307692308 0.331975590487 T
2008446 451867 10.8711111111 1.38955947205 T
2008446 456718 10.0755555556 0.529862207356 T
2008446 498003 9.80428571429 0.226124039078 T
2008446 499427 10.45 0.929700313606 T
2008446 552401 10.56 1.07061194375 T
2008446 557239 9.934 0.356907760372 T
2008446 563556 8.96444444444 -0.702445612388 T
2008446 582845 10.3988235294 0.899570030678 T
2008446 605316 11.0 1.56640471166 T
2008446 608131 10.116 0.564213120091 T
2008446 620401 9.71777777778 0.102967799741 T
2008446 627466 9.74 0.144236957828 T
2008446 660762 10.848 1.38333356942 T
2008446 670789 10.1777777778 0.64707367704 T
2008446 718783 9.268 -0.385775666216 T
2008446 745913 10.7507692308 1.26555412566 T
2008446 748683 9.95111111111 0.380533548226 T
2008446 787853 10.5671428571 1.06444391483 T
2008446 820210 10.5553846154 1.07420317312 T
2008446 840780 9.56 -0.0281216716381 T
2008446 850322 10.4476923077 0.919651490756 T
2008446 863220 10.2692307692 0.748764944069 T
2008446 888262 10.2728571429 0.736273423704 T
2008446 957126 10.71 1.23908839245 T
2008446 1024795 10.1894736842 0.653744347329 T
2008446 1058476 10.0757894737 0.521672841277 T
2008446 1110054 9.81333333333 0.231776827635 T
2008446 1197432 10.656 1.15964825886 T
2008446 1206539 10.492 0.99582727476 T
2008446 1283229 6.54 -3.40012503851 T
2008446 1337670 10.4285714286 0.911832608605 T
2008446 1340930 10.792 1.31066201434 T
2008446 1355089 9.068 -0.602017019172 T
2008446 1402289 10.083 0.533158218831 T
2008446 1425267 8.86 -0.834907371441 T
2008446 1436586 10.25 0.718913331194 T
2008446 1509228 10.8842857143 1.42069703029 T
2008446 1605127 10.6016 1.11232142541 T
2008446 1659106 10.0323076923 0.48026969119 T
2008446 1710623 9.12222222222 -0.552882677226 T
2008446 1757374 10.37 0.85037577188 T
2008446 1810873 10.5066666667 1.00574893672 T
2008446 1860698 10.49 0.98853926951 T
2008446 1875554 9.29571428571 -0.339694918664 T
2008446 1914053 10.48 0.986563614232 T
2008446 1962742 10.8422222222 1.35925387963 T
2008446 2009137 10.96 1.50639503303 T
2008446 2043485 10.08 0.544299032082 T
2008446 2050990 10.7985714286 1.33697474077 T
2008446 2096126 10.472 0.963683852134 T
2008446 2107365 10.1525925926 0.598369645898 T
2008446 2128990 9.992 0.435103325069 T
2008446 2199598 9.64285714286 0.0328136655134 T
2008446 2217003 10.256 0.711874838801 T
2008446 2237432 10.512 0.991969180332 T
2008446 2240614 10.4044444444 0.872332322248 T
2008446 11434 8.998 -0.676143425736 F
2008446 31513 9.9 0.33287706374 F
2008446 38901 10.0386666667 0.472186487914 F
2008446 53307 9.11 -0.529726581414 F
2008446 80630 9.57511111111 -0.01472417427 F
2008446 88377 9.75666666667 0.172164986296 F
2008446 124326 10.2906666667 0.751239396228 F
2008446 150055 8.17333333333 -1.60155957127 F
2008446 151324 7.34 -2.52731283999 F
2008446 153419 6.79 -3.1030529955 F
2008446 187173 8.24 -1.48686016158 F
2008446 219918 9.64 0.0489302499652 F
2008446 250845 8.65333333333 -1.05279970242 F
2008446 262797 6.86 -2.99780163979 F
2008446 298300 9.15333333333 -0.483353571368 F
2008446 299757 10.334 0.791565054634 F
2008446 311136 9.93333333333 0.353778207918 F
2008446 327732 8.39 -1.30473554229 F
2008446 335600 9.05333333333 -0.600261831408 F
2008446 362192 10.5826666667 1.09811665288 F
2008446 362626 9.886 0.32195282616 F
2008446 375626 7.51333333333 -2.38613565609 F
2008446 399087 7.5 -2.34439175172 F
2008446 412329 8.62 -1.07434933367 F
2008446 437764 10.1466666667 0.590275130684 F
2008446 445280 8.81 -0.916248236402 F
2008446 469216 10.1266666667 0.571998009913 F
2008446 494021 9.67022222222 0.0614916186362 F
2008446 499831 9.61 -0.0169724667825 F
2008446 510432 9.59333333333 0.0101017903486 F
2008446 560073 8.37333333333 -1.32896976833 F
2008446 560962 9.55333333333 -0.0630946013626 F
2008446 578371 9.67333333333 0.0808134915452 F
2008446 623130 9.63 0.0237267600044 F
2008446 649089 9.92 0.341564945123 F
2008446 677984 10.0333333333 0.48810332384 F
2008446 678827 9.75333333333 0.158327283399 F
2008446 688540 9.53333333333 -0.0573714462885 F
2008446 692439 7.86 -1.91775458701 F
2008446 709429 8.508 -1.20225727458 F
2008446 711252 10.572 1.05653112753 F
2008446 713566 9.97666666667 0.408974084919 F
2008446 732692 9.50666666667 -0.12188798344 F
2008446 749368 10.6133333333 1.12561995897 F
2008446 758205 8.996 -0.676969741992 F
2008446 766031 9.35857142857 -0.25744329282 F
2008446 777748 8.67 -1.06898922812 F
2008446 796480 9.45333333333 -0.172289159438 F
2008446 797350 10.2066666667 0.653925899775 F
2008446 798134 10.5426666667 1.03335661265 F
2008446 798303 8.06 -1.72003637975 F
2008446 824537 8.10666666667 -1.67578596281 F
2008446 894559 8.26333333333 -1.43954872811 F
2008446 897498 10.3766666667 0.821746660134 F
2008446 902815 9.0 -0.667728556411 F
2008446 908853 10.6788888889 1.19025285356 F
2008446 911220 8.63333333333 -1.09016240843 F
2008446 915455 9.218 -0.421483167747 F
2008446 918890 9.92 0.334721097821 F
2008446 923130 9.12333333333 -0.524313926493 F
2008446 945944 8.97333333333 -0.697882214965 F
2008446 945959 9.08 -0.589870968049 F
2008446 946786 10.6261111111 1.17837248527 F
2008446 967420 10.8119568151 1.32688993283 F
2008446 973853 10.34 0.801335707685 F
2008446 1036214 9.8219047619 0.24697786508 F
2008446 1037036 10.204 0.666255824371 F
2008446 1038370 10.5263333333 1.00074471481 F
2008446 1042669 8.48666666667 -1.26201117495 F
2008446 1044908 9.71333333333 0.118493448842 F
2008446 1047768 8.27333333333 -1.44777286623 F
2008446 1060040 8.63333333333 -1.06639481417 F
2008446 1066923 10.813015873 1.34467758744 F
2008446 1092566 8.06 -1.71218900816 F
2008446 1101206 6.72 -3.33506630196 F
2008446 1112961 9.42666666667 -0.211985023424 F
2008446 1128645 7.86 -1.94869957299 F
2008446 1135045 7.63333333333 -2.17718555148 F
2008446 1157452 10.1266666667 0.576994324556 F
2008446 1164321 8.04333333333 -1.72696501811 F
2008446 1171706 10.1933333333 0.653158837378 F
2008446 1183265 8.91666666667 -0.732859401707 F
2008446 1222929 8.57 -1.11658730445 F
2008446 1252820 8.35333333333 -1.37858301087 F
2008446 1275045 10.4 0.885858740542 F
2008446 1295009 8.14 -1.62248425826 F
2008446 1299648 8.1 -1.69017355168 F
2008446 1318618 10.4833333333 0.990854175767 F
2008446 1351926 9.56666666667 -0.0625018066111 F
2008446 1358113 7.94 -1.84955963611 F
2008446 1366301 7.666 -2.18225359501 F
2008446 1390553 9.84 0.242642719413 F
2008446 1402997 9.24 -0.40470218201 F
2008446 1419551 9.40666666667 -0.229562052494 F
2008446 1429286 11.0 1.5369994028 F
2008446 1432919 8.684 -1.02683941131 F
2008446 1488768 9.66133333333 0.0499755904706 F
2008446 1510616 9.69066666667 0.0863700395144 F
2008446 1515530 8.15333333333 -1.58535486805 F
2008446 1542749 10.6133333333 1.09800001169 F
2008446 1562001 10.148 0.592461927917 F
2008446 1583455 9.25333333333 -0.375036148859 F
2008446 1607695 10.7145714286 1.23112643315 F
2008446 1608858 9.98 0.414969222529 F
2008446 1615164 9.32333333333 -0.29812396794 F
2008446 1645832 8.80333333333 -0.910757080905 F
2008446 1682871 9.52 -0.0875576545391 F
2008446 1691663 10.2033333333 0.66613308318 F
2008446 1702437 8.01 -1.7747484572 F
2008446 1705194 9.286 -0.361493051855 F
2008446 1714520 8.41 -1.31292905908 F
2008446 1714642 8.9619047619 -0.716595131779 F
2008446 1734582 9.74133333333 0.156910037628 F
2008446 1738049 10.1066666667 0.564562417608 F
2008446 1748216 8.82666666667 -0.864405047107 F
2008446 1755377 9.77511111111 0.197154448583 F
2008446 1767917 9.884 0.307129811749 F
2008446 1788491 8.91 -0.774883595523 F
2008446 1791045 9.33166666667 -0.278321798675 F
2008446 1797002 9.76333333333 0.181251897315 F
2008446 1809429 8.67714285714 -1.01350285838 F
2008446 1813136 9.02666666667 -0.645181744928 F
2008446 1820246 9.70666666667 0.118745664619 F
2008446 1839795 9.80666666667 0.241312269868 F
2008446 1867494 9.03333333333 -0.645605486336 F
2008446 1904584 9.34666666667 -0.288788309968 F
2008446 1909868 9.17333333333 -0.476182928691 F
2008446 1916532 8.16 -1.55036376267 F
2008446 1923317 10.3586666667 0.840992888644 F
2008446 1928847 10.4973333333 0.983291147862 F
2008446 1954797 9.53142857143 -0.0821689088401 F
2008446 1955155 10.8114736842 1.34539416729 F
2008446 1967305 9.19666666667 -0.438053492689 F
2008446 1975222 10.0133333333 0.447681994333 F
2008446 1985827 7.94 -1.84610271386 F
2008446 1989266 9.29 -0.351349031733 F
2008446 1992573 9.892 0.331737251671 F
2008446 2011180 10.4066666667 0.885664894807 F
2008446 2015745 9.798 0.202771014323 F
2008446 2030744 9.22333333333 -0.421048860647 F
2008446 2032960 8.89333333333 -0.755663343804 F
2008446 2045361 10.5217647059 1.03364837893 F
2008446 2050487 9.76133333333 0.174471212429 F
2008446 2057177 9.17333333333 -0.477482956773 F
2008446 2065406 10.4955555556 1.00672071128 F
2008446 2074890 10.156 0.5952542657 F
2008446 2076796 9.55 -0.0761647642642 F
2008446 2081552 9.80666666667 0.245853260014 F
2008446 2081953 8.19333333333 -1.62271349794 F
2008446 2092861 9.08 -0.574311143881 F
2008446 2111887 9.62944444444 0.0223003160204 F
2008446 2172557 10.6002564103 1.10498949481 F
2008446 2179806 8.82 -0.850465052277 F
2008446 2193350 10.5 1.02202231255 F
2008446 2195228 10.0053333333 0.450092900066 F
2008446 2221213 9.76666666667 0.192342881412 F
2008446 2251116 10.12 0.587397934599 F
380866 32200 10.525 1.39471881693 T
380866 122539 9.57142857143 0.580542555609 T
380866 168902 6.08 -12.4538338128 T
380866 988479 9.008 0.18548911555 T
380866 1016802 9.03 0.299761394143 T
380866 1623881 9.132 0.256171649805 T
380866 2110371 9.68 0.656147129502 T
380866 168902 6.02 -6.54270527092 T
109834 13845 7.93333333333 0.552452178844 T
109834 58107 8.96 1.87764377335 T
109834 128506 7.54 -0.112736474163 T
109834 437503 7.70666666667 0.220886692951 T
109834 558714 7.02333333333 -0.720867302856 T
109834 905453 6.8 -1.06774668488 T
109834 979078 6.02 -2.27804926747 T
109834 1019363 7.54 0.016783671168 T
109834 1189808 7.6 0.169476666622 T
109834 1272166 7.84333333333 0.440210950024 T
109834 1338722 8.34 1.43140563507 T
109834 1858355 8.472 1.22263081088 T
109834 1902589 7.11333333333 -0.512195905347 T
109834 1944469 7.84333333333 0.425272546765 T
109834 2082055 8.04 0.71047383238 T
109834 1352063 6.61333333333 -1.36283069245 F
109834 1551863 6.36 -2.12535579943 F
156804 1068115 10.0948571429 2.81614413392 T
156804 2226525 8.13 -0.195642624967 T
156804 245698 6.568 -2.67112024666 F
29170 452491 6.456 0.254421184327 T
29170 716785 5.0 -0.630001887693 T
29170 1146316 6.15 0.0939905673421 T
29170 1216240 7.56428571429 1.02279611715 T
29170 1245323 5.3 -0.497098239745 T
29170 1340503 7.468 0.937282105941 T
29170 1355830 6.09 0.0813447139034 T
29170 1591338 8.952 1.95505196332 T
29170 1810466 5.12 -0.576620579177 T
29170 1892552 5.33 -0.50030702016 T
29170 2097752 6.368 0.208576332731 T
29170 2197069 8.656 1.7763319776 T
29170 89074 4.18 -1.35388439802 F
29170 181605 5.22 -0.654328296747 F
29170 339439 5.16 -0.659719635059 F
29170 393288 4.68 -0.840618819285 F
29170 531983 8.31 1.52657544363 F
29170 534082 4.62 -1.01020591133 F
29170 545654 4.98 -0.75161090021 F
29170 572256 7.12666666667 0.714962353513 F
29170 626372 4.48 -1.10714502904 F
29170 1059397 7.52666666667 0.951729244734 F
29170 1074572 4.5 -0.994206155457 F
29170 1082569 4.76 -0.874133439412 F
29170 1106771 3.68 -1.51471649527 F
29170 1291626 4.7 -0.871206158714 F
29170 1426582 3.96 -1.33199166994 F
29170 1478737 7.77333333333 1.07863557715 F
29170 1532520 8.552 1.6640274202 F
29170 1539064 5.12 -0.583781038425 F
29170 1797310 4.68 -0.956807962053 F
29170 1827242 7.35333333333 0.861568728194 F
29170 1831470 9.03333333333 2.0327671876 F
29170 2031655 6.77666666667 0.493933903815 F
29170 2179421 8.538 1.69730553182 F
29170 2213144 5.64 -0.338100059407 F
882222 77089 9.6 1.16992360095 T
882222 81006 7.92222222222 -0.425147467635 T
882222 143986 9.72 1.20664671616 T
882222 157454 9.84923076923 1.37442513305 T
882222 320686 7.18 -1.09278793054 T
882222 343030 7.228 -1.10404713229 T
882222 489343 7.82 -0.58082400426 T
882222 510380 7.48666666667 -0.811982589145 T
882222 540391 9.056 0.542794171557 T
882222 599018 8.62666666667 0.188941762312 T
882222 616721 7.33777777778 -0.92784211618 T
882222 759566 6.724 -1.56213496591 T
882222 1127347 10.02 1.55018931284 T
882222 1129612 8.76842105263 0.300230633283 T
882222 1157053 8.688 0.211029705794 T
882222 1212836 8.19333333333 -0.239237654136 T
882222 1252330 7.06 -1.20283313115 T
882222 1328323 7.56 -0.773206547524 T
882222 1336178 7.18 -1.23290752162 T
882222 1464770 6.71 -1.55590742843 T
882222 1466439 7.69777777778 -0.640573184776 T
882222 1505139 8.31333333333 -0.0841224124813 T
882222 1718051 7.43555555556 -0.989480027997 T
882222 1745138 7.51111111111 -0.834384345947 T
882222 1891050 7.36222222222 -1.00723087373 T
882222 1959564 7.30444444444 -1.01377022996 T
882222 2071341 7.95714285714 -0.402513579399 T
882222 2165222 7.236 -1.0593792644 T
882222 292118 9.09619047619 0.56743741367 F
882222 417496 10.1835714286 1.63082540396 F
882222 886902 9.95466666667 1.40555071695 F
882222 1307126 10.6377777778 1.99005963633 F
882222 1738824 9.89124183007 1.31566560969 F
882222 1851282 9.34945454545 0.851879970018 F
882222 2123398 10.4986666667 1.97303402334 F
1034232 55509 7.08592592593 6.48221127531 T
1034232 2066342 6.264 -0.506705539359 T
1034232 1463631 5.92 -1.63471566923 F
323641 46521 8.93333333333 0.613684311763 T
323641 342243 9.26714285714 1.13430324823 T
323641 428175 9.848 1.95030369573 T
323641 436756 8.128 -0.451086257007 T
323641 518889 8.86142857143 0.635595367174 T
323641 666434 6.36 -3.51895436031 T
323641 785905 8.276 -0.3151072702 T
323641 940664 7.85571428571 -0.931312168781 T
323641 1009486 8.84 0.525897665846 T
323641 1129698 8.15 -0.510720540216 T
323641 1537615 8.24428571429 -0.232909742776 T
323641 1665839 7.10222222222 -1.7966783761 T
323641 1678611 7.91857142857 -0.850085713227 T
323641 1686179 7.87333333333 -1.00512487529 T
323641 1819259 8.99555555556 0.800113452895 T
323641 1844557 9.03111111111 0.898827747931 T
323641 1990190 8.16142857143 -0.393884194046 T
323641 2065338 9.37111111111 1.25132531702 T
323641 912480 8.59333333333 0.214186586887 F
323641 1541768 8.62666666667 0.283048650091 F
913154 7112 9.195 0.75692032731 T
913154 28060 7.10666666667 -1.75581617156 T
913154 169294 7.90333333333 -0.767030925619 T
913154 192867 7.92666666667 -0.834950006648 T
913154 204445 8.9 0.340587387986 T
913154 249444 9.06333333333 0.612593443045 T
913154 276449 7.31 -1.56680025642 T
913154 317986 9.088 0.614691719468 T
913154 595415 9.01666666667 0.580854723181 T
913154 699961 9.164 0.725924798834 T
913154 768476 7.54533333333 -1.22923007022 T
913154 789960 9.66153846154 1.3658919033 T
913154 883521 8.46666666667 -0.168393101075 T
913154 978234 9.21333333333 0.740878023082 T
913154 1021537 7.40222222222 -1.40963103625 T
913154 1069206 9.79888888889 1.46525185615 T
913154 1143587 9.38 0.883791304585 T
913154 1290924 8.95333333333 0.431790351618 T
913154 1297497 9.6989010989 1.38151233515 T
913154 1299430 9.03333333333 0.478370369543 T
913154 1324627 8.58 0.0391836992093 T
913154 1358252 9.194 0.761473155186 T
913154 1454726 9.35866666667 0.976923978291 T
913154 1511320 8.31333333333 -0.27644884408 T
913154 1531999 7.63 -1.15879459738 T
913154 1551765 9.29466666667 0.838530490224 T
913154 1716190 9.56148148148 1.20109472012 T
913154 1864451 8.74666666667 0.218614471317 T
913154 1943130 7.22571428571 -1.61578976125 T
913154 2004969 9.59047619048 1.21802906222 T
913154 2075789 6.34 -2.77946054134 T
913154 2123986 7.42 -1.47060457159 T
913154 2131956 8.89 0.390619304334 T
913154 2193842 9.30666666667 0.832171923456 T
913154 501720 8.73066666667 0.197932719842 F
913154 1139569 8.1980952381 -0.450399365885 F
913154 1147074 8.08133333333 -0.631706362589 F
449760 18461 8.68 -1.09529831855 T
449760 18760 9.45657142857 -0.0253055821961 T
449760 22054 10.3274074074 1.17778681914 T
449760 37031 10.0483076923 0.787339126214 T
449760 39961 9.51333333333 0.0702704242364 T
449760 61024 9.82342857143 0.506044258532 T
449760 69392 10.0592307692 0.82102690628 T
449760 74851 9.84955555556 0.525633167526 T
449760 89690 8.5 -1.31369787454 T
449760 95130 10.66 1.6039153727 T
449760 109669 9.17777777778 -0.386900616594 T
449760 126656 9.62772727273 0.232805690423 T
449760 127484 9.72 0.345034904956 T
449760 135132 10.3804444444 1.23757163461 T
449760 136384 7.93 -2.13848833487 T
449760 197645 9.52428571429 0.085642726321 T
449760 232191 9.192 -0.358968129043 T
449760 302849 10.3134615385 1.14993135019 T
449760 318373 8.776 -0.941910519559 T
449760 318673 9.69555555556 0.323190742571 T
449760 326328 9.67111111111 0.286502706831 T
449760 327487 9.5962962963 0.19806806139 T
449760 357264 10.2617142857 1.08856840575 T
449760 381344 9.87661538462 0.558635735594 T
449760 387999 9.75090909091 0.401604112267 T
449760 421751 10.3155555556 1.18898823068 T
449760 454135 9.97938461538 0.711464920769 T
449760 455642 9.65818181818 0.239398604813 T
449760 463144 7.76 -2.35561750065 T
449760 470862 9.66 0.271683619136 T
449760 493662 9.76814814815 0.426171677754 T
449760 502210 8.15 -1.74508947799 T
449760 516451 9.02857142857 -0.603511871848 T
449760 524020 9.49111111111 0.0388766534875 T
449760 556169 10.0036923077 0.725389649454 T
449760 565409 10.6051428571 1.56350622784 T
449760 574056 10.1314285714 0.900705170036 T
449760 588268 9.28 -0.254940916363 T
449760 588855 9.63407407407 0.231826783018 T
449760 606569 9.74148148148 0.384725398599 T
449760 636934 9.108 -0.460610451768 T
449760 637991 8.745 -1.01450900309 T
449760 643798 9.9 0.608876434218 T
449760 647849 10.3045714286 1.155897663 T
449760 654096 10.8038560411 1.82543171619 T
449760 664206 9.78704545455 0.443627855262 T
449760 672953 10.0582857143 0.817350765318 T
449760 682429 10.3186363636 1.16703994324 T
449760 693903 10.0089230769 0.748936373148 T
449760 694745 9.42 -0.0728970313016 T
449760 710927 9.736 0.359273259176 T
449760 714422 9.20888888889 -0.35602508347 T
449760 715423 10.1674074074 0.970804208305 T
449760 730602 10.3651111111 1.22527365401 T
449760 750102 10.1107407407 0.883710680085 T
449760 789426 10.4455555556 1.36082041899 T
449760 801780 8.86666666667 -0.814633696531 T
449760 806734 9.06888888889 -0.518353122189 T
449760 810746 8.17 -1.81980670537 T
449760 834281 9.91538461538 0.605327630372 T
449760 838568 9.99296296296 0.725654781821 T
449760 842349 9.02444444444 -0.61440793233 T
449760 850389 7.452 -2.77827372509 T
449760 850719 8.61142857143 -1.11334283609 T
449760 863524 8.50571428571 -1.2726693691 T
449760 888072 10.066 0.839589715327 T
449760 893523 9.79090909091 0.439066617486 T
449760 907429 9.76153846154 0.399258054923 T
449760 911050 9.74740740741 0.389599233224 T
449760 922453 10.2104615385 0.99733306524 T
449760 941903 10.0874074074 0.825323140356 T
449760 948657 8.44428571429 -1.36385917597 T
449760 968361 9.85938461538 0.529915624705 T
449760 974155 10.2046753247 0.994771025392 T
449760 975256 9.16545454545 -0.455205364043 T
449760 977906 10.2009090909 0.995080841786 T
449760 994005 9.83261538462 0.511771911473 T
449760 1013636 9.00142857143 -0.631568121107 T
449760 1028184 9.34142857143 -0.149993604673 T
449760 1085454 9.89777777778 0.595367242864 T
449760 1091448 10.4331818182 1.32199386738 T
449760 1092284 9.57523809524 0.163096130817 T
449760 1098581 9.129 -0.470202803105 T
449760 1118753 10.0225396825 0.78921441109 T
449760 1126070 9.38863636364 -0.0972455070514 T
449760 1181040 10.0206153846 0.755962668406 T
449760 1197548 9.38227272727 -0.113182962352 T
449760 1205359 9.61851851852 0.193150633419 T
449760 1220212 9.84666666667 0.52967200113 T
449760 1222376 10.1948571429 0.973840909827 T
449760 1224932 9.71045454545 0.348168771087 T
449760 1256229 10.1209230769 0.892540251282 T
449760 1280191 9.01696969697 -0.595988536935 T
449760 1283647 9.76882352941 0.427685984715 T
449760 1301568 10.2190909091 1.03523482081 T
449760 1314368 10.098 0.838767792076 T
449760 1318347 8.42444444444 -1.4681793834 T
449760 1349092 7.46714285714 -2.9498079664 T
449760 1362210 9.499 0.0613438239523 T
449760 1371538 10.0945762712 0.867306446867 T
449760 1397071 9.65409090909 0.254348613434 T
449760 1410212 9.58476190476 0.152363734711 T
449760 1440162 9.94319327731 0.653186161998 T
449760 1441840 10.2777777778 1.09038883648 T
449760 1461969 9.97480519481 0.689519614206 T
449760 1490613 8.17 -1.82145596768 T
449760 1494610 9.265 -0.259318057064 T
449760 1495274 9.72428571429 0.373820590957 T
449760 1512244 10.2839473684 1.12916618024 T
449760 1527775 9.64 0.25399424393 T
449760 1528866 9.39555555556 -0.100471166938 T
449760 1530165 9.247 -0.300378190558 T
449760 1531930 9.99571428571 0.732903623885 T
449760 1541647 9.004 -0.698317189276 T
449760 1560134 10.2586363636 1.0852652134 T
449760 1574091 8.84914285714 -0.815756554731 T
449760 1583433 10.1281481481 0.93449981445 T
449760 1609614 9.122 -0.486729281295 T
449760 1615537 10.4508571429 1.31202829103 T
449760 1632369 10.068 0.853857038998 T
449760 1648832 10.2911111111 1.09348615605 T
449760 1651668 7.74 -2.32304235603 T
449760 1661982 8.732 -1.01979031134 T
449760 1689125 9.91444444444 0.599597841157 T
449760 1721374 9.65 0.244568057919 T
449760 1744515 9.84441558442 0.511738567142 T
449760 1757565 9.604 0.203590684369 T
449760 1777076 10.545037037 1.47165500142 T
449760 1791683 10.504 1.40814168809 T
449760 1815047 10.0462857143 0.75865155799 T
449760 1818219 9.18285714286 -0.39015768102 T
449760 1825692 9.49590909091 0.0611506130879 T
449760 1836395 9.72 0.350724949529 T
449760 1854354 10.112 0.899582840179 T
449760 1876327 9.59259259259 0.164514851019 T
449760 1920713 8.348 -1.48565037909 T
449760 1933980 8.17 -1.79184067789 T
449760 1941215 9.71261538462 0.341301308658 T
449760 1946615 9.11777777778 -0.433505272314 T
449760 1986940 9.281 -0.228503359053 T
449760 2002768 8.878 -0.798141508924 T
449760 2005958 10.4392592593 1.34437548467 T
449760 2056333 7.76 -2.34069346117 T
449760 2068452 9.66553846154 0.286479351423 T
449760 2083671 8.51555555556 -1.26148891147 T
449760 2111074 9.527 0.101980302449 T
449760 2118219 9.68074074074 0.301516434306 T
449760 2129277 9.64814814815 0.261672214705 T
449760 2144147 10.0888888889 0.845538918119 T
449760 2145385 9.93111111111 0.624712993696 T
449760 2167966 10.3714285714 1.23878726356 T
449760 2227562 8.184 -1.69016720294 T
449760 2231237 10.5322962963 1.45424107726 T
449760 2234365 9.49257142857 0.0291500783096 T
449760 2236104 8.35555555556 -1.52227404903 T
449760 2257334 9.39371428571 -0.0922807085543 T
449760 47146 9.0619047619 -0.528933960203 F
449760 92521 9.0980952381 -0.51050547112 F
449760 110219 9.65636363636 0.265308907731 F
449760 148148 9.57353846154 0.152939227013 F
449760 198859 9.396 -0.0743578251406 F
449760 300768 9.79163636364 0.451346664033 F
449760 344476 9.47142857143 0.0221586720379 F
449760 391115 8.09142857143 -1.80998751663 F
449760 478614 9.92761904762 0.641937559032 F
449760 494982 9.59418181818 0.186523432077 F
449760 526760 9.11 -0.505337272886 F
449760 569417 8.16 -1.82632602135 F
449760 597695 9.124 -0.480264667801 F
449760 618985 9.64337662338 0.249918290827 F
449760 752375 9.68 0.292333767212 F
449760 765355 8.672 -1.04454761218 F
449760 766299 8.91333333333 -0.711995532988 F
449760 775711 8.77866666667 -0.955974182177 F
449760 796475 7.88666666667 -2.12358749708 F
449760 843768 8.756 -0.979562510861 F
449760 850697 9.90266666667 0.604645152245 F
449760 980036 9.06 -0.557147140161 F
449760 1045829 8.994 -0.623530726162 F
449760 1186372 9.12333333333 -0.45722140134 F
449760 1239932 9.48533333333 0.0385070546682 F
449760 1292766 8.89333333333 -0.789939655627 F
449760 1533507 8.91523809524 -0.736723023685 F
449760 1556284 8.92952380952 -0.701144368317 F
449760 1631847 9.01333333333 -0.590687177909 F
449760 1634046 8.374 -1.55103875019 F
449760 1644466 9.8219047619 0.470840265348 F
449760 1759010 10.0771666667 0.8243980265 F
449760 1774381 9.23866666667 -0.268107222992 F
449760 1804093 9.34 -0.154882769313 F
449760 2042411 9.97388888889 0.695781535231 F
449760 2069327 9.87028571429 0.550984974761 F
449760 2141239 8.10761904762 -1.80406076382 F
449760 2167117 8.82055555556 -0.860266199975 F
449760 2172753 8.35 -1.4491411293 F
449760 2238734 6.42 -4.16130579979 F
1590193 153315 7.39428571429 -0.606293599654 T
1590193 177283 6.916 -1.627317148 T
1590193 219886 7.75111111111 -0.0281386878327 T
1590193 235891 8.62285714286 1.51876022837 T
1590193 249187 7.10666666667 -0.88713237315 T
1590193 301126 7.68666666667 -0.107922051666 T
1590193 547840 6.415 -2.05162212741 T
1590193 604993 6.94666666667 -1.4284980953 T
1590193 655641 8.224 0.732129615816 T
1590193 659038 8.46142857143 1.06847711845 T
1590193 664556 9.25142857143 2.29755279348 T
1590193 723642 8.14714285714 0.641748458447 T
1590193 751800 7.65285714286 -0.231392285534 T
1590193 769029 7.39111111111 -0.595613519849 T
1590193 848636 8.48428571429 1.25320101071 T
1590193 931517 8.27333333333 0.739550264435 T
1590193 953192 7.18222222222 -0.851378657882 T
1590193 1008030 7.96666666667 0.376929039089 T
1590193 1195519 7.65777777778 -0.12949773914 T
1590193 1234504 6.79555555556 -1.55987626525 T
1590193 1256455 7.974 0.36816386975 T
1590193 1291812 7.51571428571 -0.285253763259 T
1590193 1309780 7.96 0.310036590154 T
1590193 1326021 7.22 -0.812641885794 T
1590193 1380024 8.89428571429 1.97488456018 T
1590193 1383861 6.93333333333 -1.36084315956 T
1590193 1413400 7.90888888889 0.2689306585 T
1590193 1481152 8.15285714286 0.549433667497 T
1590193 1511538 6.78 -1.52762448562 T
1590193 1528065 8.02 0.39533227319 T
1590193 1610159 7.204 -1.01820473018 T
1590193 1640000 8.07111111111 0.462027302545 T
1590193 1706555 6.74666666667 -1.57681600619 T
1590193 1715563 8.748 1.60637729427 T
1590193 1735683 6.98888888889 -1.17649014898 T
1590193 1775182 7.22666666667 -0.784592814763 T
1590193 1803927 8.28 0.84099682023 T
1590193 1858984 7.64888888889 -0.163297683879 T
1590193 1910769 7.46666666667 -0.42862650746 T
1590193 1916615 7.92714285714 0.261796413944 T
1590193 2032445 6.99333333333 -1.11138437464 T
1590193 2033238 9.22142857143 2.31003417684 T
1590193 2065969 7.59714285714 -0.205239399126 T
1590193 2105423 7.736 -0.112427232815 T
1590193 2115958 7.50285714286 -0.544363642471 T
1590193 2186208 7.31555555556 -0.710321541716 T
1590193 2193657 7.98666666667 0.381403845908 T
1590193 2213989 7.62714285714 -0.164295888453 T
1590193 2232341 8.116 0.513435013213 T
1590193 2232911 7.43333333333 -0.572795467776 T
1590193 1812820 9.46 2.73052847642 F
1846427 1433256 8.32369230769 -0.965858603557 T
1846427 1434658 8.37323076923 -0.962973981487 T
1846427 982878 10.0095454545 54.5121792084 F
326021 108488 5.82 -1.37507004587 T
326021 499266 8.444 0.826764048181 T
326021 581173 9.3125 1.44593037035 T
326021 592320 9.25 1.55334625564 T
326021 688265 6.636 -0.570962147381 T
326021 798103 6.77 -0.429344121515 T
326021 1081691 7.7225 0.236361293867 T
326021 1351026 5.45 -1.46627678791 T
326021 1378790 6.492 -0.620855970798 T
326021 1419970 6.37 -0.886970152229 T
326021 1510429 5.02 -1.80567523199 T
326021 1671189 9.116 1.38608835418 T
326021 1865682 6.97 -0.420031472324 T
326021 1932063 6.33 -0.753259318858 T
326021 2108887 8.73 1.00917331325 T
326021 2122651 5.75 -1.33835983852 T
326021 2153093 6.17 -0.790802723874 T
326021 2183598 8.316 0.721615371134 T
326021 237210 8.82 1.08042945998 F
326021 1328566 7.72 0.309756398918 F
1998839 35075 6.2 -1.47867854619 T
1998839 96346 8.624 0.747703239127 T
1998839 126460 6.07 -1.61963792757 T
1998839 175724 8.50666666667 0.586891829603 T
1998839 204189 7.71 -0.0338600139065 T
1998839 217628 7.96444444444 0.24856761317 T
1998839 293058 9.22 1.21684166607 T
1998839 335126 6.37 -1.21521455052 T
1998839 439249 9.329 1.36025201093 T
1998839 580886 8.85 0.944470227308 T
1998839 708902 9.51714285714 1.4798005093 T
1998839 752273 9.05285714286 1.19174872643 T
1998839 1023274 8.61 0.713823178879 T
1998839 1045892 8.40222222222 0.510904731456 T
1998839 1080906 6.784 -0.88382661636 T
1998839 1087348 6.08 -1.46459332009 T
1998839 1101658 6.54 -1.02046707369 T
1998839 1218425 7.708 -0.151167489559 T
1998839 1243817 6.3 -1.17772319004 T
1998839 1249134 8.13777777778 0.333188490018 T
1998839 1369787 8.2 0.359719652189 T
1998839 1426118 6.78 -0.848682770289 T
1998839 1455662 6.04 -1.43300928966 T
1998839 1561592 8.42 0.495251545092 T
1998839 1881206 7.36444444444 -0.367086130198 T
1998839 1990689 6.73 -0.932093995482 T
1998839 1993250 6.09 -1.44212938076 T
1998839 99840 6.34 -1.1815898916 F
1998839 507125 6.86 -0.685140298042 F
1998839 645304 8.28333333333 0.408072186775 F
1998839 718782 9.066 1.14499695499 F
1998839 900530 8.902 0.979505462148 F
1998839 1569247 7.42 -0.270246113121 F
1998839 1785762 9.21666666667 1.23804059728 F
1998839 1840920 7.36 -0.300925043703 F
1998839 2243496 9.96618181818 1.89339686517 F
51464 59280 8.42 -0.520055602264 T
51464 272534 6.22 -2.76331595773 T
51464 276703 9.71088888889 0.803623592891 T
51464 279709 7.22 -1.83060294677 T
51464 284919 8.95571428571 0.0165379038782 T
51464 320565 7.1 -1.89017696381 T
51464 417846 6.0 -3.0513034784 T
51464 459691 9.21428571429 0.268214547723 T
51464 502494 9.58666666667 0.670518750356 T
51464 547125 9.626 0.714507522638 T
51464 556647 7.93 -1.0031502262 T
51464 558354 8.252 -0.689434674835 T
51464 576096 9.85488888889 0.937451925548 T
51464 602774 7.652 -1.30862505043 T
51464 669064 7.79777777778 -1.16718200299 T
51464 692549 8.336 -0.613198619757 T
51464 737143 9.12142857143 0.209498694211 T
51464 754507 8.076 -0.854601836739 T
51464 756543 6.22 -2.77200013532 T
51464 770998 6.14 -2.82942157671 T
51464 795911 8.892 -0.0308473668988 T
51464 831950 8.232 -0.678505868833 T
51464 838094 7.57333333333 -1.42127757533 T
51464 842244 9.77088888889 0.856915452157 T
51464 852879 8.73714285714 -0.210600716567 T
51464 862002 6.36 -2.67427901741 T
51464 868934 8.39 -0.562034338058 T
51464 1002610 8.736 -0.197599367693 T
51464 1053577 7.02 -1.93758632959 T
51464 1058587 8.911 -0.00433362173704 T
51464 1164531 8.084 -0.857587190856 T
51464 1203469 7.916 -1.03334688716 T
51464 1244551 8.91 -0.0275541538321 T
51464 1270114 8.13111111111 -0.794442699558 T
51464 1331904 8.18 -0.769953237552 T
51464 1398465 6.24 -2.80711762038 T
51464 1410335 8.956 0.0168686743888 T
51464 1429634 6.1 -2.84263976725 T
51464 1446650 7.964 -1.00610270348 T
51464 1521671 7.54 -1.44928717652 T
51464 1571654 8.78428571429 -0.151139375266 T
51464 1602611 8.926 -0.0423200131339 T
51464 1637018 6.32 -2.70420421466 T
51464 1703072 9.75533333333 0.828037295833 T
51464 1724341 8.748 -0.18506280162 T
51464 1801006 7.02 -1.87818707392 T
51464 1921750 11.0 2.09232549998 T
51464 2000347 7.816 -1.10730131583 T
51464 2049058 10.62 1.72324739808 T
51464 2099664 6.08 -2.97289025679 T
51464 2142097 6.44 -2.56148419013 T
51464 2243314 9.721 0.792362330983 T
51464 2243920 8.829 -0.108089131784 T
51464 2248383 8.71714285714 -0.184158861725 T
51464 27953 9.73 0.809956512932 F
51464 54314 8.0 -0.938030569218 F
51464 93514 7.72 -1.21821157416 F
51464 114784 9.39714285714 0.467534029158 F
51464 127928 8.89571428571 -0.0270268886192 F
51464 149739 9.949 1.03644402188 F
51464 177565 8.716 -0.226779109506 F
51464 187126 10.6024630542 1.69092834032 F
51464 188014 9.36888888889 0.461170198829 F
51464 188870 9.26714285714 0.341056071662 F
51464 190535 10.2764285714 1.37035022505 F
51464 198538 9.84933333333 0.927369939812 F
51464 205331 9.00714285714 0.0696476085494 F
51464 206006 8.51142857143 -0.440621140543 F
51464 212823 9.45714285714 0.533518140503 F
51464 226632 9.528 0.613833851691 F
51464 253524 10.2413333333 1.33432687263 F
51464 261710 9.892 0.979324279459 F
51464 280014 7.352 -1.61995029456 F
51464 281227 9.27428571429 0.345110982553 F
51464 290175 9.178 0.258286254515 F
51464 332860 9.23571428571 0.32663305322 F
51464 345679 8.93733333333 0.028426653824 F
51464 350690 10.1413333333 1.23285297447 F
51464 390874 10.1438095238 1.24188218951 F
51464 407790 8.88 -0.0663810969943 F
51464 411241 8.26444444444 -0.700941058746 F
51464 413754 9.41733333333 0.510123681543 F
51464 416255 10.1416666667 1.23765053557 F
51464 421140 7.856 -1.08534977781 F
51464 434358 9.44666666667 0.519933407775 F
51464 442572 8.376 -0.556215218731 F
51464 458495 9.00666666667 0.0649795231187 F
51464 474049 9.36428571429 0.445158606153 F
51464 497509 8.09666666667 -0.836269886427 F
51464 529389 9.328 0.382770290366 F
51464 547232 8.99333333333 0.0334186385834 F
51464 561597 9.92095238095 1.0192788109 F
51464 586508 8.936 0.0207825660827 F
51464 591371 9.018 0.0861833565329 F
51464 599092 9.17071428571 0.239299365315 F
51464 600392 9.98533333333 1.08158924394 F
51464 604386 8.84571428571 -0.117285173524 F
51464 637992 8.0 -0.965801847674 F
51464 638125 10.0293333333 1.10596762832 F
51464 664111 8.95285714286 0.0430028797579 F
51464 684835 8.46 -0.469825378061 F
51464 707101 8.992 0.0481160454306 F
51464 718940 8.064 -0.893461375542 F
51464 741605 8.668 -0.243997568127 F
51464 741610 8.54333333333 -0.421699747221 F
51464 741805 8.91714285714 -0.0294015264979 F
51464 752795 8.716 -0.203380359787 F
51464 764144 8.65 -0.307435308488 F
51464 775769 7.98 -0.960711471066 F
51464 812191 9.80933333333 0.908147760305 F
51464 869440 8.108 -0.84776495719 F
51464 877759 9.17466666667 0.236952854871 F
51464 886618 9.97555555556 1.05301753023 F
51464 903686 8.33333333333 -0.596497097419 F
51464 905390 9.2 0.283130406095 F
51464 910614 9.85142857143 0.933131012997 F
51464 952786 8.70857142857 -0.196404199659 F
51464 955166 10.1538888889 1.2360451748 F
51464 962907 8.45666666667 -0.503066330318 F
51464 993243 9.40666666667 0.489232831064 F
51464 995407 8.53714285714 -0.402093362147 F
51464 1010048 9.13333333333 0.186861874731 F
51464 1035370 8.66 -0.277078490414 F
51464 1044894 9.50022727273 0.57608317685 F
51464 1050427 8.462 -0.464077251698 F
51464 1068221 8.62 -0.297883593371 F
51464 1078449 10.2388571429 1.34251844401 F
51464 1118193 9.91066666667 1.0089424475 F
51464 1125770 8.394 -0.554728152133 F
51464 1126340 8.852 -0.0790750450608 F
51464 1126975 9.35259259259 0.427255336524 F
51464 1131668 10.2192857143 1.32551895417 F
51464 1144971 10.0693333333 1.14591224696 F
51464 1145248 9.11571428571 0.186047887562 F
51464 1178986 8.224 -0.747160335177 F
51464 1190806 9.10444444444 0.20508026206 F
51464 1201334 7.86666666667 -1.04617427458 F
51464 1207574 8.98 0.0374203266634 F
51464 1281563 9.66380952381 0.761239232546 F
51464 1281805 10.34 1.44906357505 F
51464 1282900 9.316 0.38376230848 F
51464 1295930 10.0427777778 1.13246210881 F
51464 1299985 9.84 0.925133500952 F
51464 1311013 9.564 0.665992839618 F
51464 1321704 9.18857142857 0.246444435659 F
51464 1332121 9.562 0.639665743595 F
51464 1336503 9.068 0.145112218797 F
51464 1346263 9.792 0.879792403484 F
51464 1362214 10.1140740741 1.22902406589 F
51464 1369574 8.0 -0.965953536619 F
51464 1384408 8.82666666667 -0.126250148515 F
51464 1385266 9.59571428571 0.668316098601 F
51464 1393202 9.934 1.03452409535 F
51464 1412061 8.59285714286 -0.334809910971 F
51464 1427287 9.084 0.153447631534 F
51464 1444466 7.66 -1.33042687457 F
51464 1451446 9.15777777778 0.220817833946 F
51464 1496629 7.16 -1.82756228648 F
51464 1516603 9.724 0.813165004782 F
51464 1523435 8.132 -0.811291408171 F
51464 1528661 9.357 0.442142024104 F
51464 1537508 8.52 -0.410435170018 F
51464 1538246 9.448 0.530343177129 F
51464 1543625 9.55777777778 0.635105510837 F
51464 1546834 9.7037037037 0.798576161836 F
51464 1573096 8.58577777778 -0.337506384622 F
51464 1574605 8.69333333333 -0.224004524072 F
51464 1590412 9.29777777778 0.384040780187 F
51464 1593553 9.39047619048 0.469002220767 F
51464 1611127 10.5354214729 1.63217482228 F
51464 1616171 7.192 -1.75840408891 F
51464 1620892 9.87785714286 0.983440163767 F
51464 1655144 10.1906666667 1.29187111443 F
51464 1657317 10.2853333333 1.40680814468 F
51464 1664576 7.92666666667 -1.03825886038 F
51464 1674438 6.68 -2.31303078888 F
51464 1680728 9.51333333333 0.585395543066 F
51464 1697407 10.1546666667 1.25561946117 F
51464 1700543 8.11333333333 -0.819308015429 F
51464 1721154 9.74 0.803199765217 F
51464 1747083 10.0986666667 1.19169711344 F
51464 1765608 8.80133333333 -0.121894629117 F
51464 1766238 8.57 -0.347291779449 F
51464 1768677 8.63571428571 -0.281766645778 F
51464 1775367 8.62 -0.345159303519 F
51464 1795611 10.1555555556 1.24419829692 F
51464 1799099 8.76266666667 -0.168344657438 F
51464 1817827 9.24 0.328137968928 F
51464 1831732 8.86142857143 -0.0455311944182 F
51464 1831816 9.784 0.865779740642 F
51464 1834718 10.1133333333 1.21525084583 F
51464 1844076 9.54133333333 0.621982640912 F
51464 1850212 8.91111111111 -0.0262237088132 F
51464 1852248 8.76 -0.170628470884 F
51464 1868085 9.738 0.833118260082 F
51464 1872115 7.772 -1.17982257185 F
51464 1908467 9.95857142857 1.03655654821 F
51464 1924403 10.2372222222 1.33933600539 F
51464 1936217 10.0285714286 1.09796835882 F
51464 1951616 9.63142857143 0.720520006074 F
51464 1951623 9.74 0.808854591564 F
51464 1954505 8.714 -0.248324636828 F
51464 1967428 9.50642857143 0.588290830112 F
51464 1968606 8.3 -0.653507862476 F
51464 1975372 8.64222222222 -0.264314605137 F
51464 1979302 9.43555555556 0.536107672874 F
51464 1982274 9.77111111111 0.844257657531 F
51464 2003672 9.29619047619 0.379113211842 F
51464 2019252 9.96476190476 1.0422509418 F
51464 2058257 10.0638095238 1.15907001541 F
51464 2079011 9.66 0.751930531541 F
51464 2088531 9.32714285714 0.395152131015 F
51464 2089283 9.99424242424 1.07476662782 F
51464 2097865 7.41866666667 -1.58272323233 F
51464 2142407 9.4419047619 0.527616332394 F
51464 2179329 9.10857142857 0.164866022794 F
51464 2182469 7.95333333333 -0.985490027425 F
51464 2188075 9.53333333333 0.611934881143 F
51464 2191828 9.64411764706 0.706899753273 F
51464 2199682 8.828 -0.10558188736 F
51464 2200702 9.43714285714 0.496707592368 F
51464 2230875 9.268 0.344431904401 F
51464 2239356 8.72888888889 -0.205652851769 F
343466 53226 7.94888888889 -1.55091621716 T
343466 155424 9.91 0.75453999763 T
343466 262786 10.0 0.920464700626 T
343466 262897 8.74 -0.468589391618 T
343466 292347 7.05555555556 -2.67740136014 T
343466 296090 8.18 -0.928590709558 T
343466 357714 9.24 0.197344216944 T
343466 381931 9.59777777778 0.537048741089 T
343466 439959 9.91028571429 0.918153694412 T
343466 449409 9.74222222222 0.622376382633 T
343466 451487 9.24 0.123155875384 T
343466 486550 8.66 -0.561210110781 T
343466 595149 9.61 0.419999206253 T
343466 606598 9.868 0.784022002092 T
343466 608687 9.18 -0.0302711500886 T
343466 703231 10.67 1.62934158762 T
343466 717896 9.51 0.352889058089 T
343466 732322 8.69285714286 -0.470018827237 T
343466 753758 8.1 -1.06850274001 T
343466 765065 8.76666666667 -0.358530389846 T
343466 771101 9.808 0.658393753222 T
343466 854884 9.57846153846 0.489984494757 T
343466 1072087 8.0 -1.25514131408 T
343466 1238592 9.29538461538 0.130919592151 T
343466 1378036 10.112 0.972926884833 T
343466 1380013 10.7113636364 1.58582882035 T
343466 1381885 9.74 0.654179637878 T
343466 1392863 8.42 -0.752497262772 T
343466 1425233 9.604 0.527549886676 T
343466 1491550 9.24 0.14387290967 T
343466 1554873 8.26 -0.941418105883 T
343466 1616553 9.52 0.368380478237 T
343466 1717808 8.62444444444 -0.630855159177 T
343466 1741998 9.03 -0.0911253285195 T
343466 1922864 8.68 -0.573937471171 T
343466 2186368 10.1277777778 1.10627182151 T
343466 2252060 9.692 0.576741172463 T
343466 1378048 6.74 -2.87102628507 F
1986901 389733 7.428 -1.32080633489 T
1986901 396023 7.63555555556 -0.942133137644 T
1986901 430803 8.54222222222 -0.00689972839373 T
1986901 659298 7.884 -0.709749011289 T
1986901 846998 10.848 2.60876654916 T
1986901 887946 7.432 -1.27541651786 T
1986901 983568 7.028 -1.66404009292 T
1986901 1093643 8.07333333333 -0.545476125341 T
1986901 1124056 6.912 -1.63772575619 T
1986901 1667365 8.016 -0.548314003163 T
1986901 1684767 8.54444444444 -0.0615629032483 T
1986901 1735053 8.236 -0.346742389339 T
1986901 1876261 7.47111111111 -1.08455724007 T
1986901 2014010 6.864 -1.75551860947 T
1986901 2178952 8.82888888889 0.263210321641 T
1986901 2234290 7.952 -0.615956278849 T
1986901 142373 9.05688888889 0.491956790354 F
1986901 207790 8.96333333333 0.372500935234 F
1986901 351144 9.14571428571 0.601397549649 F
1986901 431788 9.66761904762 1.12643320037 F
1986901 438338 9.508 0.955687841772 F
1986901 792146 9.955 1.37557273241 F
1986901 1227200 9.12642857143 0.523781606871 F
1986901 1398138 8.81071428571 0.299937611932 F
1986901 1539608 9.01714285714 0.45922342778 F
1986901 1568010 9.59066666667 1.11109631185 F
1986901 2034042 9.5380952381 1.02024991666 F
1986901 2112523 9.17333333333 0.591822020776 F
1986901 2153908 9.82060606061 1.30939219473 F
1263856 431449 9.74 0.197376974636 T
1263856 1206697 10.3407894737 1.08300668099 T
1263856 1488424 10.1397333333 0.962401635427 T
1263856 1962048 9.89 0.556427269989 T
1263856 2006460 9.08 -0.715016863268 T
1263856 1618674 8.38444444444 -2.1355532009 F
1652558 144450 9.696 1.33910326664 T
1652558 1107823 9.98857142857 2.5998823372 T
1652558 1319032 9.164 0.298519694487 T
1652558 1354263 8.51 -0.806092773279 T
1652558 1525522 8.32 -1.40826927993 T
1652558 2052409 8.38 -1.5928306609 T
1652558 2055880 8.74 -0.250609643354 T
1652558 481768 9.50333333333 0.90813464914 F
1152787 107627 10.91 1.15746186179 T
1152787 214730 10.3894736842 0.590963366632 T
1152787 294549 10.6486792453 0.898465539772 T
1152787 310575 10.62 0.844617607656 T
1152787 316723 10.721 0.949920861755 T
1152787 401383 10.2723076923 0.448300937738 T
1152787 462496 10.276 0.4813650345 T
1152787 551069 10.608 0.816172721007 T
1152787 595903 8.904 -1.14469117701 T
1152787 609906 10.347 0.543434261511 T
1152787 671074 10.496 0.717756476755 T
1152787 752806 9.806 -0.0949620463592 T
1152787 817136 10.652 0.883359297732 T
1152787 852161 10.651627907 0.879761560642 T
1152787 853711 10.736 0.970365992844 T
1152787 881741 10.68 0.917809892486 T
1152787 887125 10.476 0.672815004762 T
1152787 903793 10.528 0.772761928618 T
1152787 927591 10.6842857143 0.931521427956 T
1152787 973148 10.59 0.801305428477 T
1152787 1145958 10.6440740741 0.865191989319 T
1152787 1196135 10.5148148148 0.737664312904 T
1152787 1232662 10.488 0.723913646198 T
1152787 1275449 10.5876923077 0.818537204306 T
1152787 1277051 10.728 0.974014676586 T
1152787 1290296 9.74444444444 -0.144971543894 T
1152787 1386608 6.576 -4.0202160069 T
1152787 1525408 10.0754545455 0.231190720205 T
1152787 1616654 10.7514285714 1.01023468808 T
1152787 1632037 9.83333333333 -0.062233158971 T
1152787 1740302 10.41 0.605895598493 T
1152787 1791493 10.18 0.350610556429 T
1152787 1809369 10.5975 0.835004075428 T
1152787 2022890 10.4352941176 0.642974447705 T
1152787 2063855 10.742 0.981903416393 T
1152787 2142089 10.532 0.765034796755 T
1152787 2203771 10.588 0.828501879066 T
1152787 1096 10.045 0.19357337397 F
1152787 1133 9.42 -0.538116502426 F
1152787 3741 9.156 -0.829361123841 F
1152787 17365 10.3906666667 0.585279094436 F
1152787 42197 10.4573333333 0.679983203423 F
1152787 53113 10.01 0.159661507631 F
1152787 59033 10.052 0.186366115429 F
1152787 95064 10.534 0.763782520153 F
1152787 104296 10.052 0.200839808866 F
1152787 105402 9.908 0.0536654410641 F
1152787 118557 10.6066666667 0.840240308797 F
1152787 120674 10.1613333333 0.331698908631 F
1152787 126346 10.0635714286 0.201721666305 F
1152787 126818 9.872 0.00793343368369 F
1152787 146662 9.524 -0.387360190013 F
1152787 146860 10.3695238095 0.576407954819 F
1152787 148901 10.8914285714 1.19646735105 F
1152787 171883 8.26 -1.82802750367 F
1152787 185337 9.04 -0.972581604678 F
1152787 189048 9.32 -0.650228783714 F
1152787 238320 10.9666666667 1.2191328467 F
1152787 239274 7.862 -2.35961787227 F
1152787 249820 10.324 0.525577258701 F
1152787 339182 10.58 0.815849077326 F
1152787 348204 10.5436363636 0.760766757515 F
1152787 351356 10.8033333333 1.05510332838 F
1152787 368223 9.49857142857 -0.459572271789 F
1152787 369687 7.4 -2.95308114631 F
1152787 374986 9.1180952381 -0.843615160668 F
1152787 382038 9.89 0.0085580078545 F
1152787 387601 10.5433333333 0.763270734869 F
1152787 388246 9.04 -0.954216573657 F
1152787 403936 8.82666666667 -1.23520957176 F
1152787 424679 8.86533333333 -1.17369887039 F
1152787 425699 9.5 -0.427976703919 F
1152787 443206 9.098 -0.871665084176 F
1152787 497033 10.0933333333 0.247142092491 F
1152787 534387 10.3478571429 0.555428078029 F
1152787 539002 8.64 -1.45688623322 F
1152787 542006 7.49333333333 -2.76754381374 F
1152787 575294 10.2621428571 0.428465890974 F
1152787 617782 9.86785714286 0.00251227455158 F
1152787 626245 8.01333333333 -2.19707796051 F
1152787 688980 10.45 0.671295446992 F
1152787 777929 10.5666666667 0.778170368663 F
1152787 781764 9.24133333333 -0.768470154952 F
1152787 781775 9.63523809524 -0.294354765967 F
1152787 807543 10.4053333333 0.614621645518 F
1152787 923654 10.225 0.40892130576 F
1152787 964437 8.89333333333 -1.12304465993 F
1152787 991775 10.99 1.32601122443 F
1152787 1002412 9.808 -0.0770838617505 F
1152787 1003076 9.44666666667 -0.458403331342 F
1152787 1022423 9.974 0.103124848749 F
1152787 1027280 7.64666666667 -2.62639445231 F
1152787 1069705 8.87333333333 -1.1476803809 F
1152787 1080037 9.66 -0.270528867246 F
1152787 1080458 10.2366666667 0.398986333846 F
1152787 1083621 9.538 -0.38306804378 F
1152787 1084686 9.42666666667 -0.504660859417 F
1152787 1112410 10.11 0.272465228333 F
1152787 1112482 10.3133333333 0.493397625185 F
1152787 1128636 9.81714285714 -0.0568350177602 F
1152787 1181573 9.04133333333 -0.998242286234 F
1152787 1184269 9.62666666667 -0.294529691074 F
1152787 1187136 9.99428571429 0.141535003395 F
1152787 1194049 9.32 -0.664472264956 F
1152787 1199856 9.44666666667 -0.492856525572 F
1152787 1221631 10.1092857143 0.270739119487 F
1152787 1228657 10.1733333333 0.333711468166 F
1152787 1247514 10.062 0.209334140316 F
1152787 1248799 9.7 -0.20325900675 F
1152787 1284979 6.42 -4.23190764999 F
1152787 1312787 9.38 -0.585813397844 F
1152787 1342789 9.80533333333 -0.08193876624 F
1152787 1352384 9.828 -0.0675240067259 F
1152787 1358111 9.6180952381 -0.298112003815 F
1152787 1362831 10.634 0.87517229992 F
1152787 1365171 10.4933333333 0.736648955445 F
1152787 1365622 9.68333333333 -0.21267923916 F
1152787 1374757 9.87 -0.00494452503034 F
1152787 1385318 10.2066666667 0.389042157053 F
1152787 1426236 8.68380952381 -1.41306220034 F
1152787 1445856 7.86 -2.225595668 F
1152787 1461559 10.3106666667 0.495060717387 F
1152787 1482115 9.978 0.127408965143 F
1152787 1486278 9.806 -0.0594314862825 F
1152787 1531244 10.5626666667 0.781647806478 F
1152787 1540826 10.3895238095 0.604716453808 F
1152787 1575570 10.0219047619 0.181933126976 F
1152787 1581420 9.656 -0.254235269969 F
1152787 1596752 10.8033333333 1.06461261682 F
1152787 1608576 9.67466666667 -0.240955682966 F
1152787 1614548 10.8066666667 1.08229105173 F
1152787 1650917 8.26666666667 -1.81131679492 F
1152787 1665561 10.3433333333 0.527470394333 F
1152787 1668722 9.19523809524 -0.77844152758 F
1152787 1677280 9.73333333333 -0.190420440218 F
1152787 1693010 9.22285714286 -0.708976917136 F
1152787 1696165 10.4333333333 0.632009291945 F
1152787 1699816 10.686 0.907399336254 F
1152787 1703383 9.99 0.141531143667 F
1152787 1748995 10.27 0.455454253044 F
1152787 1760412 9.70133333333 -0.1928445229 F
1152787 1762007 10.4782222222 0.697967403086 F
1152787 1786376 9.86666666667 -0.0176715610965 F
1152787 1788322 9.9219047619 0.0500654946012 F
1152787 1793518 6.81333333333 -3.53651624455 F
1152787 1814297 7.83 -2.34160190803 F
1152787 1845058 10.1587878788 0.350784335277 F
1152787 1853220 10.040952381 0.188928359743 F
1152787 1857097 10.1833333333 0.336777589962 F
1152787 1864480 9.16476190476 -0.817972628218 F
1152787 1866809 10.702 0.954846875977 F
1152787 1872568 10.188 0.367881734553 F
1152787 1893036 10.4038095238 0.613493239175 F
1152787 1919527 10.5 0.692056435346 F
1152787 1927712 10.048 0.20434535992 F
1152787 1952572 10.2285714286 0.399279505735 F
1152787 1955272 6.38 -4.25777062512 F
1152787 1963109 9.82333333333 -0.060592390384 F
1152787 1967128 9.75333333333 -0.16431532546 F
1152787 2009395 10.532 0.74884145831 F
1152787 2034094 10.194 0.350590628031 F
1152787 2039876 10.308 0.467766947488 F
1152787 2047575 10.02 0.167411801659 F
1152787 2054075 10.64 0.890557781181 F
1152787 2066240 10.4213333333 0.617082865954 F
1152787 2066384 10.8466666667 1.09051051353 F
1152787 2090992 8.19466666667 -2.00896806497 F
1152787 2099519 10.4657142857 0.67815482573 F
1152787 2112318 9.52380952381 -0.427834682924 F
1152787 2143638 10.14 0.28736980471 F
1152787 2171800 8.506 -1.62157659921 F
1152787 2190893 9.926 0.0571611943567 F
1152787 2214702 10.4761904762 0.691678578513 F
1152787 2224384 9.48266666667 -0.457184158735 F
1045179 1453 8.11333333333 -0.0783096921193 T
1045179 47164 6.72 -1.19679146579 T
1045179 75594 6.59 -1.31938181708 T
1045179 87789 10.32 1.41537596097 T
1045179 93990 9.996 1.2426305575 T
1045179 106419 6.59 -1.22874782911 T
1045179 130373 8.89428571429 0.434858987517 T
1045179 164808 7.396 -0.623503884119 T
1045179 242121 8.88571428571 0.397821851379 T
1045179 250478 6.608 -1.2273464419 T
1045179 310198 7.216 -0.867956260188 T
1045179 380936 10.6585714286 1.72807588161 T
1045179 424493 8.6 0.190330454508 T
1045179 500011 9.30285714286 0.740659770274 T
1045179 588385 9.75285714286 1.07098445742 T
1045179 628196 7.01 -0.927786381999 T
1045179 673263 9.52285714286 0.866654096581 T
1045179 703926 7.8 -0.318632095999 T
1045179 804345 7.28 -0.713085868257 T
1045179 814551 6.27 -1.39947767712 T
1045179 925805 9.012 0.502028557373 T
1045179 993445 9.34666666667 0.761200810877 T
1045179 1053677 9.408 0.831420873227 T
1045179 1097539 7.12 -0.778693500608 T
1045179 1103063 9.87857142857 1.17523680168 T
1045179 1146868 9.2 0.677563426005 T
1045179 1168883 9.32222222222 0.726730378996 T
1045179 1218263 6.95 -1.00085043521 T
1045179 1219281 7.564 -0.466860084692 T
1045179 1242727 8.52 0.170256837492 T
1045179 1264782 7.31 -0.784338573002 T
1045179 1283799 7.788 -0.340862624202 T
1045179 1308687 10.28 1.48319462735 T
1045179 1374670 6.07 -1.62210747882 T
1045179 1392401 10.765 1.82883638012 T
1045179 1438640 7.632 -0.474467449456 T
1045179 1455003 10.2533333333 1.47887728595 T
1045179 1503351 7.156 -0.828189650981 T
1045179 1611195 7.21 -0.724840910591 T
1045179 1619399 7.55 -0.496135389976 T
1045179 1635067 6.83 -1.0903134456 T
1045179 1740431 9.81111111111 1.10470229624 T
1045179 1756609 9.796 1.05236630108 T
1045179 1777649 6.8 -1.06325092252 T
1045179 1777672 10.776 1.83405750539 T
1045179 1820571 6.48 -1.45169535057 T
1045179 1855925 8.21333333333 -0.067834598027 T
1045179 1876686 8.86888888889 0.371473417706 T
1045179 1945045 8.048 -0.140962656134 T
1045179 1966643 10.79 1.85837660108 T
1045179 1980528 9.78 1.07748576201 T
1045179 1989543 8.51777777778 0.209936976631 T
1045179 2009147 7.16 -0.870598416715 T
1045179 2042205 7.33 -0.645691995552 T
1045179 2062351 8.21333333333 -0.00814779750378 T
1045179 2090564 7.208 -0.786396979197 T
1045179 2141895 7.36 -0.700837481542 T
1045179 2161085 9.916 1.18457374647 T
1045179 2161579 8.952 0.459717798416 T
1045179 354269 9.74 1.02579335399 F
462604 213353 9.88785714286 0.983702740224 F
462604 392925 9.24533333333 0.18123207578 F
462604 401990 8.96533333333 -0.252851668074 F
462604 643840 9.39733333333 0.334835964772 F
462604 1272508 7.35619047619 -7.51883937682 F
462604 1377656 9.28133333333 0.243110044343 F
462604 1801204 9.87333333333 1.07104117232 F
462604 2203589 8.85 -0.487168269985 F
945979 441607 7.64666666667 -1.75677914918 T
945979 1534004 10.7 2.14601070741 T
945979 1599638 6.92444444444 -2.70260100373 T
945979 182873 8.47666666667 -0.60956254043 F
945979 318931 9.79272727273 0.922537328831 F
945979 368552 9.76981818182 0.956806004969 F
945979 389512 9.71333333333 0.9323000861 F
945979 614307 7.74 -1.54739428268 F
945979 975679 8.342 -0.748540010139 F
945979 1370692 9.46277777778 0.533125751837 F
945979 1560980 9.25466666667 0.333583048208 F
945979 1604986 8.71857142857 -0.292434984999 F
945979 1702157 8.86 -0.170967128779 F
945979 1754485 9.572 0.653752323359 F
945979 1818517 9.00833333333 0.0486083745291 F
945979 1955176 9.57714285714 0.687613683407 F
945979 2090826 9.51672727273 0.6231598697 F
945979 2151680 9.15 0.14531829051 F
1963859 18967 9.185 2.20414585531 T
1963859 38291 6.172 -1.0747215332 T
1963859 176840 7.25555555556 0.0715487180861 T
1963859 269783 6.68 -0.520568582083 T
1963859 296279 6.364 -0.944412361906 T
1963859 297164 8.47142857143 1.3338405648 T
1963859 314407 8.3 1.14103918856 T
1963859 375139 6.784 -0.514998103168 T
1963859 425642 7.35333333333 0.200359752793 T
1963859 645706 7.61142857143 0.40692491428 T
1963859 823215 6.548 -0.744908608694 T
1963859 842640 8.364 1.23908652074 T
1963859 910725 7.43333333333 0.171599138795 T
1963859 967444 5.664 -1.67162168187 T
1963859 1079181 6.272 -0.913083916782 T
1963859 1089821 8.696 1.59552610051 T
1963859 1140329 7.21166666667 -0.0605556406808 T
1963859 1154738 5.95333333333 -1.20143724382 T
1963859 1180539 6.0 -1.34541426517 T
1963859 1208602 7.02666666667 -0.194473541007 T
1963859 1219306 5.888 -1.35043239682 T
1963859 1273680 6.124 -1.12906116659 T
1963859 1278214 7.16666666667 0.0104138148259 T
1963859 1330748 6.084 -1.14708484403 T
1963859 1347522 7.89714285714 0.750604264284 T
1963859 1382461 6.144 -1.05102432029 T
1963859 1409421 7.00888888889 -0.175948633452 T
1963859 1669026 7.06222222222 -0.125753005183 T
1963859 1689627 6.572 -0.742041462727 T
1963859 1733216 8.49777777778 1.36383616446 T
1963859 1751142 6.116 -1.12438325042 T
1963859 1753410 6.196 -1.05789077849 T
1963859 1836367 6.18 -1.19620482032 T
1963859 1879661 9.24444444444 2.28520995924 T
1963859 1895281 6.496 -0.584879982974 T
1963859 1963931 6.54 -0.796200596084 T
1963859 2021157 5.824 -1.57328516462 T
1963859 2151947 7.26888888889 0.0440952759265 T
1963859 2209934 6.516 -0.749072904008 T
1963859 2218426 6.596 -0.792335773952 T
1963859 2247168 6.48 -0.759403822119 T
1963859 301200 8.98 1.906252102 F
1963859 536215 8.95666666667 1.87572003953 F
1963859 884844 7.72 0.578616412805 F
1963859 2115719 7.77333333333 0.624211822473 F
1963859 2205942 8.98 1.95788355417 F
385837 42061 6.156 -1.25184793667 T
385837 101986 7.46 -0.162760669425 T
385837 106569 6.46 -1.07522539373 T
385837 126726 6.48 -1.04524745371 T
385837 128745 9.99 2.06066024841 T
385837 129672 7.48444444444 -0.11528359539 T
385837 181055 6.01 -1.47940063102 T
385837 261635 6.85 -0.721131949527 T
385837 302857 6.12 -1.29183728094 T
385837 352753 6.64 -0.869383188048 T
385837 481562 7.69142857143 0.00699767461264 T
385837 499566 5.56 -1.92042053549 T
385837 681028 6.648 -0.833265143613 T
385837 705128 7.97857142857 0.336669926214 T
385837 715935 7.53555555556 -0.0373438039608 T
385837 717869 8.12 0.449244575738 T
385837 725604 8.455 0.736281151733 T
385837 782550 6.83777777778 -0.726313862068 T
385837 826500 5.91 -1.52500231464 T
385837 828082 6.06 -1.40735834246 T
385837 870975 5.51 -1.91304617997 T
385837 885555 8.522 0.791137523046 T
385837 980323 5.93 -1.49362058044 T
385837 1022097 8.16714285714 0.454630496917 T
385837 1067943 6.76 -0.817563048366 T
385837 1154172 7.41714285714 -0.149663428664 T
385837 1262042 6.608 -0.853841385807 T
385837 1339056 8.03555555556 0.392806458395 T
385837 1382621 6.11 -1.37867042668 T
385837 1393627 8.431 0.720854384997 T
385837 1422457 6.21 -1.28638722619 T
385837 1465945 7.27 -0.310617697883 T
385837 1476294 8.23857142857 0.542681315635 T
385837 1524644 6.22 -1.29170902365 T
385837 1618762 6.32 -1.1326070319 T
385837 1739728 7.15 -0.433435651172 T
385837 1826949 7.91714285714 0.263517642967 T
385837 1920387 9.14666666667 1.39139835356 T
385837 1923036 8.644 0.921860081014 T
385837 1925162 7.22 -0.347037705998 T
385837 1999894 8.748 0.953337040568 T
385837 2003037 6.924 -0.537824296848 T
385837 2047352 7.95 0.275374107492 T
385837 2070217 7.68 0.0648799393574 T
385837 2097202 8.10142857143 0.407818265459 T
385837 2119404 6.54 -0.988529236242 T
385837 2128828 5.96 -1.40739648594 T
385837 2130749 8.44571428571 0.733191392659 T
385837 2211434 6.08 -1.40497692299 T
385837 66820 9.38577777778 1.55195538825 F
385837 129901 9.11615384615 1.34665989963 F
385837 244392 9.73333333333 1.9214183549 F
385837 253309 7.64 -0.0279159267562 F
385837 358930 8.204 0.523047600352 F
385837 412543 10.138 2.33850073722 F
385837 725952 8.02 0.378329335269 F
385837 836346 7.74666666667 0.124906461491 F
385837 889846 7.36 -0.218138104432 F
385837 940851 9.07466666667 1.25919528894 F
385837 998457 8.91333333333 1.17538588617 F
385837 1349990 8.822 1.13220639539 F
385837 1477722 10.1743589744 2.3323763096 F
385837 1619032 9.21333333333 1.48177203962 F
385837 1977977 7.99333333333 0.316653403156 F
385837 2208724 8.81555555556 1.06213678978 F
1724164 409956 8.924 0.518518437698 T
1724164 541632 8.31 -0.302000647478 T
1724164 1258857 8.376 -0.286424101124 T
1724164 1410036 8.55 0.0511540766191 T
1724164 1927836 8.32888888889 -0.0744753933677 T
1724164 768494 6.69333333333 -2.72742101195 F
1724164 1798813 10.2751515152 3.16900540791 F
988884 919098 10.284 1.29682188369 T
988884 1198246 5.5 -8.64104522866 T
988884 278880 9.68515151515 0.71267931906 F
988884 403407 8.94666666667 -0.089291569258 F
988884 520857 8.94666666667 -0.0167222847142 F
988884 568292 9.17666666667 0.231331571095 F
988884 591830 8.78 -0.0820947432051 F
988884 1386027 9.23 0.27001915861 F
988884 1615182 9.21333333333 0.247026088845 F
988884 1855341 8.81666666667 -0.216947593129 F
1223974 1066992 5.57 -27.3 F
2144634 462169 6.12 -2.19632431974 F
2144634 599804 9.77222222222 1.93629576247 F
2144634 601817 6.78 -1.35533020274 F
2144634 1109995 9.88952380952 2.07521272039 F
2144634 1137217 7.13333333333 -0.853149551382 F
2144634 1238378 7.76 -0.257204532179 F
2144634 1700640 7.71666666667 -0.279438273677 F
2144637 28774 7.0 -0.560586722201 T
2144637 129636 7.03111111111 -0.500622007375 T
2144637 177222 8.48571428571 1.29263041542 T
2144637 332787 6.108 -1.48929522145 T
2144637 379575 8.26714285714 0.978138665178 T
2144637 380569 8.77444444444 1.74394105141 T
2144637 443014 7.60142857143 0.251577640708 T
2144637 492229 7.05111111111 -0.407232250696 T
2144637 561268 7.58571428571 0.227912441389 T
2144637 643688 8.01151515152 0.697433557501 T
2144637 667353 7.25555555556 -0.30177774702 T
2144637 787402 7.26 -0.26997592534 T
2144637 818502 7.23333333333 -0.232294606061 T
2144637 1014457 6.85777777778 -0.578096211861 T
2144637 1046776 9.16518518519 2.12528645395 T
2144637 1070864 8.37285714286 1.1934241737 T
2144637 1099654 8.14666666667 0.888334050491 T
2144637 1177116 7.83703703704 0.468511035063 T
2144637 1204077 6.476 -1.0388873861 T
2144637 1276859 5.72 -2.3565976593 T
2144637 1454155 7.06888888889 -0.359187074417 T
2144637 1531394 6.348 -1.43296584101 T
2144637 1777178 8.22714285714 0.966666617511 T
2144637 1885695 7.17111111111 -0.359019557399 T
2144637 2036812 4.24 -4.19534788539 T
2144637 2084763 8.19657142857 0.912406231688 T
2144637 2092052 6.93111111111 -0.455539312215 T
2144637 2135988 6.876 -0.583342791568 T
2144637 2173313 7.22714285714 -0.238153823937 T
2144637 2198430 7.92888888889 0.641588893508 T
2144637 139009 7.42666666667 -0.0917906235197 F
2144637 510919 8.08 0.748010124686 F
573887 38291 6.484 -0.862216638961 T
573887 176840 6.93777777778 -0.448890272633 T
573887 269783 5.944 -1.46814211991 T
573887 296279 5.928 -1.41624951324 T
573887 297164 8.46 1.08614487335 T
573887 314407 8.26 0.959704834528 T
573887 375139 6.276 -1.15693647221 T
573887 425642 7.77333333333 0.362021960613 T
573887 645706 7.98142857143 0.602336601467 T
573887 823215 6.456 -0.962180936217 T
573887 842640 8.278 0.902538911155 T
573887 910725 6.92222222222 -0.547748780956 T
573887 967444 6.296 -1.10581542376 T
573887 1079181 6.628 -0.807103170658 T
573887 1140329 6.97666666667 -0.325003592038 T
573887 1154738 7.44 0.0503813885105 T
573887 1180539 6.348 -1.00829884386 T
573887 1208602 6.94444444444 -0.42686138717 T
573887 1219306 6.12 -1.2414452646 T
573887 1273680 6.368 -1.07321581673 T
573887 1278214 7.07333333333 -0.329955865238 T
573887 1330748 6.632 -0.720018955606 T
573887 1347522 7.91714285714 0.646195532813 T
573887 1382461 6.84 -0.579200111225 T
573887 1409421 6.89333333333 -0.477446274891 T
573887 1669026 7.24888888889 -0.0666959152408 T
573887 1689627 6.616 -0.832516041933 T
573887 1751142 5.864 -1.4824292863 T
573887 1753410 6.512 -0.847385671349 T
573887 1836367 6.192 -1.15967372193 T
573887 1879661 9.30888888889 2.07993065923 T
573887 1895281 6.428 -1.07405815903 T
573887 1963931 6.496 -0.946694636984 T
573887 2021157 6.336 -1.06938852827 T
573887 2151947 7.18222222222 -0.187980667793 T
573887 2209934 6.112 -1.32383577382 T
573887 2218426 6.368 -0.997141386704 T
573887 2247168 6.516 -0.95973479876 T
573887 148890 7.14666666667 -0.210997106284 F
573887 233363 7.62666666667 0.261081958438 F
573887 236198 7.79666666667 0.451989740756 F
573887 468784 7.61 0.254670511823 F
573887 607883 7.80666666667 0.444382516303 F
573887 617967 9.07666666667 1.79269162479 F
573887 903987 6.85333333333 -0.438884539969 F
573887 987452 8.27333333333 0.929905566757 F
573887 1007141 9.38666666667 2.20922972749 F
573887 1176137 9.72666666667 2.49426131926 F
573887 1177869 7.69333333333 0.34254090926 F
573887 1251281 6.80666666667 -0.594231639072 F
573887 1253223 7.54666666667 0.156422933616 F
573887 1345219 9.4 2.18137889846 F
573887 1378391 8.11333333333 0.696364882557 F
573887 1402036 8.85 1.55320244847 F
573887 1588723 7.46666666667 0.130340270571 F
573887 1675886 7.40666666667 0.0630937583736 F
573887 1847724 7.04 -0.308623560568 F
573887 1885191 8.41333333333 1.08489865176 F
573887 1889758 6.68 -0.667150621849 F
573887 1942864 9.13333333333 1.89964081205 F
573887 2070506 7.59333333333 0.245581985304 F
573887 2164696 7.56666666667 0.197149274413 F
573887 2205942 9.22 1.80462829917 F
573887 2210124 9.44 2.13652244528 F
1655686 373889 10.1457777778 0.767057109335 T
1655686 6696 8.71333333333 -0.346840251114 F
1655686 161087 5.42 -3.68629842073 F
1655686 493299 10.2626666667 0.792945334293 F
1655686 712282 9.10666666667 -0.0798761655682 F
1655686 741643 9.93333333333 0.575423454598 F
1655686 1004096 6.52 -2.41462977145 F
1655686 1133634 9.62133333333 0.343035169354 F
1655686 1163355 9.99333333333 0.53967922001 F
1655686 1567080 9.76266666667 0.442653104993 F
1655686 2022316 9.77466666667 0.414249823541 F
1655686 2029874 9.90654545455 0.605991438638 F
1655686 2104009 10.2333333333 0.757623483423 F
2085396 16451 10.536 1.17151241781 T
2085396 26346 10.984 1.54680366905 T
2085396 29358 9.12 0.00947122445179 T
2085396 64955 10.99 1.53077750423 T
2085396 110803 7.428 -1.44548841678 T
2085396 146540 10.0844444444 0.744344685221 T
2085396 146805 7.45 -1.25504215163 T
2085396 160722 9.39 0.234239652902 T
2085396 164685 7.188 -1.57682476841 T
2085396 210294 10.384 1.09488866305 T
2085396 239607 7.068 -1.59427106794 T
2085396 240661 10.72 1.35850346497 T
2085396 270759 9.06 0.00455837473254 T
2085396 274020 9.44444444444 0.251836058345 T
2085396 276622 7.35 -1.48943167512 T
2085396 282877 6.42 -2.13957813463 T
2085396 303784 8.016 -1.02576333186 T
2085396 354045 9.172 0.0470024152678 T
2085396 374884 9.416 0.251505513082 T
2085396 392521 7.57 -1.22654384009 T
2085396 410050 9.752 0.503267692221 T
2085396 458758 8.388 -0.56080158163 T
2085396 503369 10.55 1.17084695252 T
2085396 518607 10.24 0.924317800974 T
2085396 584080 7.844 -0.984372899422 T
2085396 586247 8.33 -0.650031722417 T
2085396 616386 10.5 1.13848163627 T
2085396 636924 10.29 0.988782168 T
2085396 645485 10.64 1.23033916775 T
2085396 650236 10.72 1.30690848153 T
2085396 736797 8.67333333333 -0.328876275559 T
2085396 742046 10.1014285714 0.789697873735 T
2085396 764752 7.54 -1.30601302007 T
2085396 781252 10.3822222222 1.06566757928 T
2085396 783334 8.032 -0.843321642881 T
2085396 817027 8.808 -0.262039113718 T
2085396 822410 9.128 0.0231098146238 T
2085396 858029 9.816 0.577237655489 T
2085396 880867 10.0177777778 0.728638244312 T
2085396 883735 10.3355555556 1.02286531464 T
2085396 950445 7.01 -1.7048606873 T
2085396 1042585 10.4228571429 1.06529965876 T
2085396 1046589 7.63 -1.21604164497 T
2085396 1058211 7.51 -1.29355927926 T
2085396 1075779 9.256 0.18411336705 T
2085396 1088827 9.23111111111 0.111389717219 T
2085396 1171995 9.944 0.683242593913 T
2085396 1191144 9.38 0.237364109256 T
2085396 1192384 9.172 0.0153715148477 T
2085396 1193115 10.4 1.07676127403 T
2085396 1213801 8.656 -0.361173790959 T
2085396 1246314 9.60444444444 0.418208021674 T
2085396 1283146 10.1457142857 0.817048521036 T
2085396 1296563 10.57 1.16985662302 T
2085396 1362967 7.336 -1.41955640833 T
2085396 1426564 9.844 0.577568536388 T
2085396 1432835 8.11 -0.769536550998 T
2085396 1510791 9.512 0.350558626051 T
2085396 1548542 10.448 1.09488951507 T
2085396 1578874 8.136 -0.823358256209 T
2085396 1603347 7.728 -1.11840322148 T
2085396 1605415 8.96 -0.0268633550273 T
2085396 1620416 10.8911111111 1.47946668841 T
2085396 1620563 8.7 -0.359765361225 T
2085396 1622519 10.224 0.914493673265 T
2085396 1627525 7.2 -1.62753447632 T
2085396 1662425 8.976 -0.0903903545093 T
2085396 1715491 7.38 -1.43492272016 T
2085396 1755119 8.688 -0.364134438079 T
2085396 1785536 9.69111111111 0.451553489856 T
2085396 1806161 10.752 1.31660636375 T
2085396 1833160 10.1042857143 0.855157839671 T
2085396 1834313 7.752 -1.15773894893 T
2085396 1842321 9.868 0.649071961976 T
2085396 1903292 9.66 0.475015400454 T
2085396 1964015 8.10444444444 -0.730751716765 T
2085396 2077480 10.172 0.844484397455 T
2085396 2208438 9.308 0.192636337906 T
2085396 2243460 9.00666666667 -0.0530965991414 T
2085396 1821012 8.66 -0.318741813941 F
