1507656 1697093 0.11214953271 T
1507656 1828922 0.0 T
1507656 1986397 0.0 T
1507656 1672037 0.111111111111 F
32239 189026 0.15958635737 T
32239 193947 0.177237897804 T
32239 359563 0.157981310788 T
32239 893897 0.179845449739 T
32239 1211524 0.177712903126 T
32239 1765664 0.189919602123 T
32239 2028827 0.0 T
32239 1380274 0.0 F
32239 2188436 0.194963671309 F
32239 2237434 0.187289728215 F
366627 282617 0.260381685432 T
366627 375269 0.291488597381 T
366627 473054 0.452420152354 T
366627 728360 0.312576478131 T
366627 759754 0.265603243249 T
366627 1147379 0.265556041738 T
366627 1169305 0.374194459833 T
366627 1313627 0.306516936658 T
366627 1169305 0.374194459833 F
217676 32066 0.211488465663 T
217676 131540 0.161328893166 T
217676 137716 0.21299160175 T
217676 165724 0.221284640881 T
217676 301741 0.0693918553632 T
217676 344539 0.227063233393 T
217676 376150 0.221385833033 T
217676 385775 0.0 T
217676 407319 0.0811376543409 T
217676 430965 0.0888643308027 T
217676 485009 0.129579732375 T
217676 486742 0.0871660990063 T
217676 520934 0.086268842321 T
217676 524436 0.20895976346 T
217676 616310 0.205731896133 T
217676 658830 0.0 T
217676 693571 0.219313497626 T
217676 710314 0.209810395891 T
217676 712829 0.0849705620768 T
217676 732694 0.210761483554 T
217676 739278 0.222966994416 T
217676 743086 0.232505633216 T
217676 797208 0.2054171653 T
217676 798012 0.227785831711 T
217676 828579 0.221613470097 T
217676 880463 0.211166343291 T
217676 956597 0.225724535155 T
217676 978865 0.0670952023283 T
217676 985347 0.212255312164 T
217676 1014829 0.209954907565 T
217676 1072201 0.209140137729 T
217676 1090416 0.21355610548 T
217676 1102769 0.218272915958 T
217676 1138024 0.167138994924 T
217676 1212412 0.0883437370988 T
217676 1329597 0.0793553099783 T
217676 1331003 0.233722090943 T
217676 1362927 0.222523192467 T
217676 1363630 0.214360323553 T
217676 1376676 0.231819491631 T
217676 1392178 0.232007921956 T
217676 1406586 0.146414873056 T
217676 1429616 0.0698374006045 T
217676 1455547 0.214489406383 T
217676 1544137 0.213983848595 T
217676 1593692 0.193880773902 T
217676 1595088 0.228186220769 T
217676 1616340 0.209812643984 T
217676 1647557 0.22553683769 T
217676 1690444 0.223386780871 T
217676 1706852 0.197857185459 T
217676 1728152 0.234476715782 T
217676 1785002 0.23529570938 T
217676 1787289 0.187472396516 T
217676 1802944 0.155564344583 T
217676 1895842 0.219041328714 T
217676 1929047 0.209244655784 T
217676 1936789 0.201154171103 T
217676 1942963 0.209621822402 T
217676 1943475 0.213452650695 T
217676 2006934 0.234607500042 T
217676 2026113 0.216276823815 T
217676 2031156 0.199643836231 T
217676 2039949 0.21299160175 T
217676 2051112 0.18826440717 T
217676 2053972 0.238689811188 T
217676 2066853 0.226649174223 T
217676 2105785 0.221901492149 T
217676 2130409 0.213357204611 T
217676 2150237 0.188281734754 T
217676 11404 0.0 F
217676 28414 0.196652482398 F
217676 71365 0.205975496154 F
217676 116893 0.0 F
217676 169233 0.191537415473 F
217676 188539 0.191276958347 F
217676 205243 0.218355271444 F
217676 209039 0.187325621433 F
217676 223438 0.0 F
217676 245100 0.217039599885 F
217676 258278 0.166022532556 F
217676 273692 0.200158687611 F
217676 281648 0.226993280915 F
217676 301418 0.0627900788958 F
217676 324002 0.0 F
217676 337325 0.0 F
217676 338236 0.189748763986 F
217676 424270 0.1797338645 F
217676 429112 0.22971011001 F
217676 439293 0.221251420647 F
217676 441407 0.222991770851 F
217676 509822 0.211228695887 F
217676 537194 0.205925397102 F
217676 551030 0.169508568295 F
217676 555023 0.169874136038 F
217676 594798 0.215934910172 F
217676 612071 0.194978934018 F
217676 655622 0.164847715538 F
217676 660125 0.219950551846 F
217676 677569 0.0 F
217676 678676 0.0 F
217676 721493 0.0 F
217676 723238 0.210556761793 F
217676 734894 0.190912692346 F
217676 760418 0.198118531758 F
217676 765327 0.0961089830703 F
217676 768001 0.212877283627 F
217676 768503 0.226524794148 F
217676 872519 0.209675265397 F
217676 896938 0.186476587237 F
217676 916202 0.208643121185 F
217676 979671 0.212542534299 F
217676 990576 0.217853194243 F
217676 1065786 0.208043305045 F
217676 1144693 0.221420925703 F
217676 1166677 0.215111735619 F
217676 1249764 0.186476587237 F
217676 1334024 0.20571302546 F
217676 1354078 0.218355271444 F
217676 1365029 0.20179427747 F
217676 1394689 0.0 F
217676 1428083 0.20268719193 F
217676 1437895 0.0 F
217676 1447322 0.209916181042 F
217676 1479341 0.229983001039 F
217676 1480841 0.216997527792 F
217676 1486329 0.228389749065 F
217676 1488871 0.214220110824 F
217676 1543395 0.201462889085 F
217676 1567458 0.215357077295 F
217676 1648087 0.200346273081 F
217676 1709570 0.211228695887 F
217676 1724638 0.20473301213 F
217676 1754042 0.1871543293 F
217676 1839058 0.217473204567 F
217676 1871657 0.20997485262 F
217676 1889120 0.199231658433 F
217676 1949552 0.156520245425 F
217676 1983036 0.211561889521 F
217676 1985396 0.208113794383 F
217676 1989157 0.211328165737 F
217676 2000637 0.194621190026 F
217676 2008336 0.205565764521 F
217676 2042114 0.2091326227 F
217676 2079010 0.0 F
217676 2081584 0.213388803686 F
217676 2106766 0.207018393662 F
217676 2111806 0.206609425987 F
217676 2159242 0.211648552673 F
217676 2190754 0.0 F
217676 2232295 0.0 F
217676 2251491 0.209109278231 F
1576500 35838 0.235386937337 T
1576500 52044 0.267140409857 T
1576500 192631 0.29347520794 T
1576500 311488 0.273973707448 T
1576500 327804 0.266360883645 T
1576500 338951 0.287882072523 T
1576500 367243 0.324386391053 T
1576500 403697 0.289811249062 T
1576500 430720 0.0 T
1576500 557654 0.289811249062 T
1576500 566760 0.306607085554 T
1576500 599849 0.241401582645 T
1576500 647550 0.254529298242 T
1576500 656396 0.269928238709 T
1576500 774224 0.271995481028 T
1576500 1056729 0.25166750499 T
1576500 1110473 0.257610327743 T
1576500 1125225 0.0 T
1576500 1129907 0.267752081584 T
1576500 1188704 0.289176354565 T
1576500 1284993 0.269142127063 T
1576500 1295981 0.275345414457 T
1576500 1315691 0.201065560393 T
1576500 1425416 0.2757015761 T
1576500 1449767 0.260964123963 T
1576500 1478302 0.218725868091 T
1576500 1492233 0.0 T
1576500 1637669 0.289176354565 T
1576500 1648409 0.285638111154 T
1576500 1714744 0.248820291868 T
1576500 1923334 0.303955082663 T
1576500 2049379 0.256698134124 T
1576500 2164795 0.289633964692 T
1576500 566760 0.306607085554 F
1576500 1284993 0.269142127063 F
1576500 1516177 0.224613994356 F
1576500 1648409 0.285638111154 F
1576500 1697068 0.256204557523 F
1576500 1790053 0.248695005691 F
1576500 2078743 0.255802732237 F
2192079 500799 0.172481135595 T
2192079 529140 0.138575172978 T
2192079 700653 0.146681961636 T
2192079 1115655 0.12968856901 T
2192079 1475985 0.171885162054 T
2192079 1490366 0.175982669783 T
2192079 1713144 0.147278606336 T
2192079 1895338 0.181220676426 T
2192079 251500 0.176720424794 F
2192079 2036211 0.184472890384 F
866354 106522 0.222630280545 T
866354 202126 0.209148033 T
866354 234286 0.243608155579 T
866354 301863 0.28263965917 T
866354 312713 0.107182231644 T
866354 450140 0.262762101685 T
866354 477514 0.246601094821 T
866354 808445 0.244901312487 T
866354 823767 0.273548828758 T
866354 826425 0.245051004996 T
866354 828258 0.228678419084 T
866354 963730 0.249287181292 T
866354 1016817 0.287622720875 T
866354 1109868 0.237882769797 T
866354 1117453 0.28078692651 T
866354 1386221 0.244301930678 T
866354 1464314 0.255601260595 T
866354 1526028 0.153194844684 T
866354 1549019 0.238107163029 T
866354 1596000 0.294888019229 T
866354 1610739 0.224513482293 T
866354 1647460 0.263102481381 T
866354 1681013 0.276966474668 T
866354 1692202 0.252061706264 T
866354 1952667 0.256517753746 T
866354 1956954 0.299802608541 T
866354 2006810 0.236840057739 T
866354 2048413 0.283906574443 T
866354 2150160 0.237470055282 T
866354 209330 0.200355460926 F
1685101 858215 0.284561680996 T
1685101 1327559 0.282087398453 T
1685101 1905216 0.292705071097 T
1685101 2019962 0.270542562243 T
1685101 630777 0.269240837711 F
738935 7588 0.26189833185 T
738935 33170 0.157789617322 T
738935 36452 0.259942685441 T
738935 42625 0.244163423147 T
738935 46403 0.251824001834 T
738935 75669 0.250832049118 T
738935 84234 0.14651099005 T
738935 114369 0.239032346226 T
738935 145309 0.234949220008 T
738935 148503 0.251913341102 T
738935 176453 0.255789956238 T
738935 182704 0.239697776567 T
738935 184155 0.254865700358 T
738935 194263 0.241627062348 T
738935 205169 0.256881820325 T
738935 220428 0.263557319194 T
738935 225203 0.247547753299 T
738935 228389 0.204929160641 T
738935 236982 0.232235051659 T
738935 237506 0.263127631541 T
738935 242887 0.0624680858785 T
738935 244822 0.242367832802 T
738935 257439 0.230907372654 T
738935 262062 0.162384161376 T
738935 275986 0.235816032789 T
738935 276939 0.172676215431 T
738935 285796 0.250339980546 T
738935 286570 0.254800580769 T
738935 293828 0.248235757867 T
738935 294362 0.24448497243 T
738935 324870 0.225904254352 T
738935 325673 0.085906508396 T
738935 327985 0.252128213595 T
738935 341580 0.246440625528 T
738935 375555 0.255223118884 T
738935 384860 0.251209757642 T
738935 400224 0.245184391738 T
738935 419739 0.197292590981 T
738935 426545 0.254800580769 T
738935 429404 0.248639519729 T
738935 430793 0.23187817196 T
738935 455480 0.246615804317 T
738935 464196 0.150720094465 T
738935 466484 0.251691764349 T
738935 479757 0.202817216986 T
738935 492579 0.258317001195 T
738935 503504 0.232315565093 T
738935 525321 0.243957250101 T
738935 527022 0.237271992254 T
738935 542631 0.234133465341 T
738935 545329 0.177140064033 T
738935 549268 0.188867048266 T
738935 549292 0.246989578125 T
738935 554656 0.22910286142 T
738935 559225 0.217213300178 T
738935 573007 0.233208006668 T
738935 575210 0.239022258719 T
738935 587643 0.24488432602 T
738935 592042 0.239105359207 T
738935 593906 0.0 T
738935 611530 0.249333511663 T
738935 629668 0.247672703503 T
738935 637672 0.24238285372 T
738935 648908 0.24681662676 T
738935 661275 0.251476570128 T
738935 669581 0.234622119324 T
738935 674799 0.238582908665 T
738935 681392 0.191810239489 T
738935 725376 0.242363762141 T
738935 732427 0.23017279764 T
738935 736277 0.249838247447 T
738935 738008 0.188254767493 T
738935 747168 0.236020199306 T
738935 753836 0.252317075269 T
738935 755628 0.247251327589 T
738935 757726 0.21349179713 T
738935 760353 0.2402272921 T
738935 767164 0.230160281444 T
738935 768706 0.246145652163 T
738935 781868 0.239222401183 T
738935 790274 0.238060228698 T
738935 795688 0.108371499541 T
738935 799170 0.245100724245 T
738935 799305 0.239637967344 T
738935 817731 0.264307900446 T
738935 820408 0.253234076435 T
738935 829894 0.237385154744 T
738935 836883 0.0 T
738935 836983 0.231324196912 T
738935 837341 0.216954293763 T
738935 840236 0.235344263843 T
738935 882942 0.261791766189 T
738935 890914 0.233716593975 T
738935 903376 0.228705424123 T
738935 909910 0.0293583796553 T
738935 918099 0.2402272921 T
738935 926511 0.258398609773 T
738935 929344 0.234869389194 T
738935 931833 0.204152552566 T
738935 935071 0.242347340055 T
738935 936753 0.240128892594 T
738935 942071 0.0874305442623 T
738935 944786 0.0806904728644 T
738935 975901 0.263095957006 T
738935 980947 0.24185386283 T
738935 997873 0.240885060199 T
738935 1002160 0.24745755714 T
738935 1007740 0.25714964253 T
738935 1015225 0.263414337246 T
738935 1015850 0.247814360428 T
738935 1027744 0.233651294136 T
738935 1029083 0.232105129363 T
738935 1053561 0.251247939455 T
738935 1053673 0.0 T
738935 1067566 0.249265198347 T
738935 1072910 0.249543276245 T
738935 1074300 0.262655363327 T
738935 1091034 0.188109310046 T
738935 1095716 0.25264730003 T
738935 1101985 0.227424913173 T
738935 1105403 0.244730034259 T
738935 1108958 0.254389132193 T
738935 1109417 0.243219906042 T
738935 1114171 0.209482275761 T
738935 1115381 0.258950589484 T
738935 1126044 0.261745716546 T
738935 1130684 0.250587861251 T
738935 1140090 0.218025199107 T
738935 1154496 0.240161182235 T
738935 1167182 0.242872444414 T
738935 1172711 0.25881865701 T
738935 1192743 0.220593103417 T
738935 1202521 0.229606403965 T
738935 1213013 0.229889721819 T
738935 1247443 0.188965094217 T
738935 1271592 0.245396148078 T
738935 1276674 0.246629512264 T
738935 1282467 0.23017279764 T
738935 1294343 0.237137361301 T
738935 1310959 0.251108962917 T
738935 1315155 0.24634769667 T
738935 1315533 0.265317399513 T
738935 1336352 0.221864146568 T
738935 1342484 0.237730738803 T
738935 1348723 0.244570860492 T
738935 1352826 0.226957967842 T
738935 1357779 0.253256945603 T
738935 1371005 0.245779183056 T
738935 1385174 0.250597350511 T
738935 1421484 0.243880571166 T
738935 1455341 0.255655561595 T
738935 1456566 0.234697022047 T
738935 1461647 0.241873843707 T
738935 1483136 0.227384135161 T
738935 1485734 0.257576339399 T
738935 1489291 0.242737877927 T
738935 1504176 0.268501144047 T
738935 1538757 0.253633181923 T
738935 1552775 0.260750833572 T
738935 1555652 0.249607066449 T
738935 1558426 0.236572272199 T
738935 1567710 0.249598547559 T
738935 1579008 0.240897721305 T
738935 1582230 0.249664870053 T
738935 1583344 0.244321468597 T
738935 1604614 0.245384067456 T
738935 1611116 0.233253323432 T
738935 1614158 0.0562117092261 T
738935 1633095 0.0898140460938 T
738935 1635415 0.249762541428 T
738935 1636802 0.240947077441 T
738935 1639414 0.233622050341 T
738935 1650893 0.243945821104 T
738935 1660019 0.235513802555 T
738935 1669629 0.218304646419 T
738935 1670295 0.249452622737 T
738935 1683683 0.246347995295 T
738935 1699941 0.261744159029 T
738935 1707721 0.233880743858 T
738935 1724412 0.258535946655 T
738935 1731539 0.186887967434 T
738935 1735946 0.233366989604 T
738935 1737556 0.238816546205 T
738935 1740847 0.236979067814 T
738935 1780341 0.238584013075 T
738935 1786188 0.257307592743 T
738935 1804483 0.210913051637 T
738935 1804592 0.25606239449 T
738935 1806891 0.235513802555 T
738935 1807667 0.243635475529 T
738935 1808018 0.25867177933 T
738935 1820997 0.23300949114 T
738935 1823545 0.251162882133 T
738935 1830800 0.242205134824 T
738935 1833221 0.252188721921 T
738935 1838707 0.0 T
738935 1841865 0.258085252043 T
738935 1842002 0.247547233671 T
738935 1859679 0.250212930962 T
738935 1869665 0.1619605549 T
738935 1889678 0.239072986479 T
738935 1899522 0.235325293099 T
738935 1905205 0.24636568864 T
738935 1933136 0.259639734231 T
738935 1939533 0.256955137301 T
738935 1940686 0.12428634047 T
738935 1943052 0.257727577324 T
738935 1966776 0.244951346634 T
738935 1968115 0.260307026499 T
738935 1972227 0.201488213032 T
738935 1978359 0.240721099516 T
738935 1978991 0.244380929944 T
738935 1987448 0.200270282323 T
738935 1994249 0.234949220008 T
738935 1995673 0.237983640014 T
738935 1997453 0.221631003994 T
738935 2021687 0.247045776504 T
738935 2052129 0.25161464631 T
738935 2061557 0.259579641291 T
738935 2066002 0.246344581468 T
738935 2070669 0.247016690981 T
738935 2073658 0.254389132193 T
738935 2096781 0.25857443749 T
738935 2103908 0.257461480321 T
738935 2105141 0.237825236464 T
738935 2115027 0.213000799583 T
738935 2132565 0.225494022441 T
738935 2134649 0.187517001509 T
738935 2151142 0.233416472035 T
738935 2159220 0.231112789529 T
738935 2176216 0.23457903013 T
738935 2179063 0.084392455271 T
738935 2181822 0.247744369987 T
738935 2184712 0.238129750648 T
738935 2205031 0.208008320577 T
738935 2220457 0.237369395149 T
738935 2227398 0.226121540441 T
738935 2240590 0.247829359628 T
738935 2251728 0.246108584634 T
738935 2253116 0.252715067789 T
738935 2258601 0.250416201807 T
738935 104986 0.217019485664 F
738935 149378 0.203091898337 F
738935 285796 0.250339980546 F
738935 464196 0.150720094465 F
738935 464196 0.150720094465 F
738935 593906 0.0 F
738935 734069 0.134486629392 F
738935 853975 0.235926154479 F
738935 859323 0.0 F
738935 1046167 0.222358074443 F
738935 1081722 0.20350644403 F
738935 1149303 0.214772931975 F
738935 1166062 0.132278159497 F
738935 1251000 0.236499865945 F
738935 1289168 0.226349835647 F
738935 1416797 0.238074174237 F
738935 2189447 0.212816876785 F
504186 75699 0.243738927312 T
504186 75699 0.243738927312 T
504186 77279 0.223205268055 T
504186 313898 0.256152112352 T
504186 343053 0.259186287996 T
504186 343053 0.259186287996 T
504186 576747 0.257855710557 T
504186 576747 0.257855710557 T
504186 695865 0.213401261296 T
504186 774179 0.18439481184 T
504186 1319092 0.185464392409 T
504186 1381940 0.219643720935 T
504186 1580048 0.202668809462 T
504186 1915531 0.18564839379 T
504186 1915531 0.18564839379 T
504186 1949221 0.257855710557 T
504186 1949221 0.257855710557 T
504186 2017629 0.245390644278 T
504186 2017629 0.245390644278 T
504186 2043020 0.182404136494 T
504186 2043020 0.182404136494 T
504186 2201381 0.211226858968 T
504186 2201381 0.211226858968 T
504186 143 0.0 F
504186 75699 0.243738927312 F
504186 126374 0.172034574755 F
504186 165379 0.206548423298 F
504186 176983 0.205327786521 F
504186 181712 0.130805435837 F
504186 322130 0.200306483258 F
504186 322562 0.0681524697612 F
504186 342771 0.192951593735 F
504186 343053 0.259186287996 F
504186 371462 0.0 F
504186 402171 0.0 F
504186 516328 0.200306483258 F
504186 558805 0.19262547778 F
504186 576747 0.257855710557 F
504186 634286 0.0 F
504186 660041 0.0 F
504186 723223 0.155406342276 F
504186 811113 0.205327786521 F
504186 835147 0.198484957551 F
504186 945951 0.207049733936 F
504186 951830 0.219844204683 F
504186 958705 0.189352313515 F
504186 980578 0.200315103632 F
504186 983019 0.0 F
504186 1011577 0.0 F
504186 1082190 0.195444665181 F
504186 1253745 0.159905580663 F
504186 1434072 0.2130641637 F
504186 1473531 0.0 F
504186 1670512 0.204143732872 F
504186 1865253 0.171984274022 F
504186 1915531 0.18564839379 F
504186 1949221 0.257855710557 F
504186 2015591 0.0 F
504186 2017629 0.245390644278 F
504186 2019576 0.200571818384 F
504186 2043020 0.182404136494 F
504186 2043799 0.200315103632 F
504186 2050818 0.204143732872 F
504186 2063595 0.168185443714 F
504186 2081444 0.0 F
504186 2083098 0.200527473047 F
504186 2201381 0.211226858968 F
435557 201775 0.173527796089 T
435557 384645 0.0881945374737 T
435557 447419 0.175370704567 T
435557 626817 0.139294207902 T
435557 1391788 0.0 T
435557 467677 0.146728992915 F
1893973 16283 0.245420378874 T
1893973 20720 0.253304560827 T
1893973 60842 0.259445763326 T
1893973 125493 0.267085331679 T
1893973 343554 0.270298123587 T
1893973 368813 0.201635386991 T
1893973 387253 0.256392631006 T
1893973 439596 0.258500246466 T
1893973 465014 0.234760665983 T
1893973 496508 0.252180399148 T
1893973 619467 0.25794872647 T
1893973 658525 0.267048275914 T
1893973 675917 0.252892429978 T
1893973 705602 0.266797731351 T
1893973 738644 0.242172108265 T
1893973 784973 0.282323969656 T
1893973 791845 0.253664076364 T
1893973 811169 0.276132238019 T
1893973 872163 0.25413581335 T
1893973 898067 0.266366239002 T
1893973 993305 0.254137551327 T
1893973 999936 0.230277921231 T
1893973 1001845 0.190285003267 T
1893973 1024301 0.260218477432 T
1893973 1030338 0.2415840135 T
1893973 1091203 0.279009133116 T
1893973 1112692 0.273717374056 T
1893973 1203627 0.25573720879 T
1893973 1216106 0.249978450859 T
1893973 1222660 0.241417477058 T
1893973 1254283 0.266125226648 T
1893973 1403977 0.274297615412 T
1893973 1419147 0.282323969656 T
1893973 1450791 0.257645001028 T
1893973 1451568 0.275273941175 T
1893973 1511782 0.256894416502 T
1893973 1516913 0.246497060818 T
1893973 1541029 0.272376786725 T
1893973 1547287 0.206104667081 T
1893973 1554654 0.270753441779 T
1893973 1583337 0.239819440969 T
1893973 1593873 0.264419157589 T
1893973 1684680 0.131167466539 T
1893973 1698656 0.286254515295 T
1893973 1702072 0.213447711543 T
1893973 1783486 0.255815552675 T
1893973 1805661 0.234256340494 T
1893973 1811817 0.0923001488159 T
1893973 1816165 0.275752289879 T
1893973 1880438 0.266995411181 T
1893973 1915574 0.269926293602 T
1893973 1932167 0.254263258493 T
1893973 1968178 0.265028359282 T
1893973 1976370 0.25787284508 T
1893973 1985486 0.286254515295 T
1893973 2039525 0.249982357925 T
1893973 2121309 0.275965034845 T
1893973 2145416 0.251614954599 T
1893973 2162617 0.273717374056 T
1893973 2222559 0.261280196042 T
1893973 2254101 0.264155616001 T
1893973 2255121 0.273647634962 T
1893973 993305 0.254137551327 F
1893973 1702072 0.213447711543 F
1043901 51286 0.268246375127 T
1043901 102020 0.278091615907 T
1043901 121970 0.273924622135 T
1043901 177707 0.267830958946 T
1043901 216061 0.264467069243 T
1043901 263791 0.262757993047 T
1043901 288464 0.276539794929 T
1043901 350421 0.253810103098 T
1043901 568615 0.241075273064 T
1043901 575353 0.263708886779 T
1043901 634058 0.256677999154 T
1043901 725409 0.267318483473 T
1043901 820588 0.267830958946 T
1043901 873887 0.26692477079 T
1043901 875640 0.279038247904 T
1043901 883626 0.262338092732 T
1043901 910136 0.268594598583 T
1043901 923340 0.277513509095 T
1043901 1050127 0.267339457184 T
1043901 1097813 0.270012998154 T
1043901 1097934 0.283398875564 T
1043901 1118583 0.265505968639 T
1043901 1287562 0.277528977633 T
1043901 1360975 0.258638712642 T
1043901 1368847 0.26821390051 T
1043901 1418247 0.248576262658 T
1043901 1496013 0.248093395679 T
1043901 1510530 0.270353783319 T
1043901 1532385 0.283398875564 T
1043901 1690304 0.25155463696 T
1043901 1711685 0.272997355403 T
1043901 1730492 0.268246375127 T
1043901 1800017 0.257408549208 T
1043901 1809266 0.247216287473 T
1043901 1810790 0.253089280392 T
1043901 1824590 0.273699664071 T
1043901 1858971 0.25510179112 T
1043901 1863890 0.253810103098 T
1043901 1951912 0.263448784204 T
1043901 2080425 0.25973223429 T
1043901 2158449 0.259641833994 T
1043901 2208640 0.258557984285 T
1043901 2211041 0.266860955521 T
1043901 2218508 0.265838842637 T
1043901 2235221 0.283556287449 T
1043901 1518 0.271306647645 F
1043901 7574 0.23658309541 F
1043901 25669 0.264622726676 F
1043901 50012 0.243782900276 F
1043901 55807 0.271093010187 F
1043901 92789 0.248295342443 F
1043901 111455 0.255698424437 F
1043901 111458 0.241024942197 F
1043901 121337 0.256252259724 F
1043901 138741 0.279186521953 F
1043901 159377 0.250574486163 F
1043901 180246 0.255183888731 F
1043901 186444 0.173581870803 F
1043901 189836 0.246710241859 F
1043901 192704 0.0 F
1043901 261882 0.268261258206 F
1043901 262982 0.0 F
1043901 268731 0.252779773277 F
1043901 303847 0.241701476207 F
1043901 308061 0.236956571411 F
1043901 312416 0.258304348566 F
1043901 327015 0.258184117648 F
1043901 331288 0.240351772386 F
1043901 331826 0.271138486559 F
1043901 350647 0.200077413951 F
1043901 356553 0.259012368666 F
1043901 358947 0.204144602813 F
1043901 395150 0.252915816019 F
1043901 396699 0.242305058323 F
1043901 399541 0.246507915568 F
1043901 438406 0.23850891489 F
1043901 481960 0.247669346928 F
1043901 490231 0.249822816443 F
1043901 520297 0.262261392602 F
1043901 535934 0.233464028893 F
1043901 538003 0.265339608124 F
1043901 560453 0.246256191739 F
1043901 581126 0.260532607147 F
1043901 611121 0.274341545885 F
1043901 618561 0.259039353145 F
1043901 639911 0.247689399505 F
1043901 648370 0.258368979356 F
1043901 683052 0.239005837474 F
1043901 706582 0.259938527532 F
1043901 734828 0.190670280604 F
1043901 760299 0.259338235958 F
1043901 778797 0.24876755632 F
1043901 822366 0.253565060172 F
1043901 868895 0.265888984729 F
1043901 878902 0.247609693399 F
1043901 901719 0.240772771757 F
1043901 903952 0.265888984729 F
1043901 940240 0.271000099303 F
1043901 949329 0.275264736224 F
1043901 950858 0.255016653613 F
1043901 957871 0.256889240611 F
1043901 974754 0.261714586471 F
1043901 977105 0.229774039438 F
1043901 998674 0.238756500225 F
1043901 1046683 0.275195367605 F
1043901 1050201 0.26147975824 F
1043901 1114063 0.262712420031 F
1043901 1123279 0.0 F
1043901 1160457 0.269998632266 F
1043901 1185171 0.252591526986 F
1043901 1199456 0.266819719314 F
1043901 1201133 0.259338235958 F
1043901 1212581 0.255969729538 F
1043901 1230209 0.264218187755 F
1043901 1231275 0.258483414737 F
1043901 1246401 0.260191261499 F
1043901 1246605 0.261368465472 F
1043901 1247258 0.259267353344 F
1043901 1256639 0.256417544225 F
1043901 1261953 0.260142169024 F
1043901 1267179 0.261454977412 F
1043901 1280643 0.248366486089 F
1043901 1329993 0.251984524513 F
1043901 1347744 0.263769836697 F
1043901 1375939 0.266435779746 F
1043901 1393172 0.243343399536 F
1043901 1408030 0.251148761221 F
1043901 1411355 0.256707481143 F
1043901 1415399 0.0 F
1043901 1449469 0.253109168459 F
1043901 1451525 0.229124644312 F
1043901 1470445 0.264779302056 F
1043901 1483734 0.247108784754 F
1043901 1520768 0.238418253853 F
1043901 1528477 0.246413823964 F
1043901 1528501 0.260460989395 F
1043901 1529270 0.241131043855 F
1043901 1529931 0.247931910831 F
1043901 1532023 0.22509829044 F
1043901 1539116 0.247585265611 F
1043901 1545109 0.247781912773 F
1043901 1558679 0.263388910839 F
1043901 1559884 0.258615186973 F
1043901 1593627 0.263144982978 F
1043901 1595215 0.256355841417 F
1043901 1610845 0.260706894476 F
1043901 1635984 0.255353694278 F
1043901 1647828 0.23821493474 F
1043901 1663127 0.242625577492 F
1043901 1670799 0.26261662252 F
1043901 1740672 0.269203877587 F
1043901 1741818 0.247241175125 F
1043901 1750907 0.254478844977 F
1043901 1752317 0.17571794268 F
1043901 1757207 0.190564797446 F
1043901 1807041 0.268387360558 F
1043901 1808126 0.269519090702 F
1043901 1812462 0.248472294518 F
1043901 1828682 0.254136769226 F
1043901 1840261 0.222997627934 F
1043901 1840610 0.261768379075 F
1043901 1854841 0.263481100711 F
1043901 1856543 0.239666979808 F
1043901 1906974 0.263254819148 F
1043901 1950023 0.266436386601 F
1043901 1954772 0.253309644408 F
1043901 1975897 0.251507780545 F
1043901 1984430 0.26918371418 F
1043901 1987222 0.209874452008 F
1043901 2000979 0.247018499433 F
1043901 2001483 0.222009692712 F
1043901 2023276 0.14231082666 F
1043901 2048210 0.245078912632 F
1043901 2048932 0.25403588112 F
1043901 2063494 0.248481018295 F
1043901 2125927 0.22709549846 F
1043901 2134332 0.24737059001 F
1043901 2157721 0.209917490903 F
1043901 2169985 0.251103008663 F
1043901 2176344 0.268011598589 F
1043901 2196283 0.263661516143 F
1043901 2199022 0.258304348566 F
1043901 2229976 0.248007345562 F
1043901 2233609 0.258615186973 F
1043901 2244506 0.254842369504 F
1043901 2246346 0.257973005164 F
286160 161196 0.243405591615 T
286160 274578 0.192882138343 T
286160 284678 0.280472921822 T
286160 291704 0.251773916724 T
286160 367732 0.215345471308 T
286160 458534 0.229649703467 T
286160 600860 0.200987952823 T
286160 636015 0.243493609511 T
286160 647267 0.270490772457 T
286160 695387 0.245726616403 T
286160 713874 0.263050295519 T
286160 746974 0.230034331493 T
286160 975170 0.0 T
286160 1156790 0.240463341337 T
286160 1168779 0.278892782685 T
286160 1221080 0.217167948691 T
286160 1328091 0.21824143294 T
286160 1436725 0.254978453469 T
286160 1542007 0.242558862323 T
286160 1649315 0.268575346798 T
286160 2022784 0.219598333407 T
286160 2102804 0.28175654297 T
286160 2169819 0.260866240358 T
286160 2255267 0.288311779864 T
286160 1015604 0.0 F
286160 1616248 0.0 F
1629909 45347 0.219051524763 T
1629909 104676 0.220162068469 T
1629909 190577 0.219622899207 T
1629909 200991 0.212960123576 T
1629909 213529 0.225569626762 T
1629909 495720 0.0 T
1629909 647548 0.224436028195 T
1629909 727209 0.224335661124 T
1629909 757130 0.187740708396 T
1629909 823253 0.216685288661 T
1629909 1134683 0.227216087088 T
1629909 1161946 0.229822835108 T
1629909 1165091 0.225477751712 T
1629909 1191196 0.214184682615 T
1629909 1350767 0.224280544596 T
1629909 1588549 0.222301520622 T
1629909 1724012 0.210390746087 T
1629909 1838537 0.22082759729 T
1629909 1968293 0.233919078854 T
1629909 2008835 0.218356964038 T
1629909 2008835 0.218356964038 T
1629909 2044545 0.226740162251 T
1629909 2210008 0.216374806299 T
1629909 2234646 0.187991372466 T
1629909 2234646 0.187991372466 T
1629909 2457 0.0 F
1629909 29911 0.229173428064 F
1629909 39196 0.233873804455 F
1629909 49738 0.0665015200329 F
1629909 77883 0.0 F
1629909 82999 0.0821081916975 F
1629909 83469 0.219916506624 F
1629909 99760 0.214145761618 F
1629909 105153 0.226473080176 F
1629909 130287 0.206719780188 F
1629909 133611 0.220872046343 F
1629909 136838 0.217699112682 F
1629909 143592 0.21887497587 F
1629909 152676 0.221906213791 F
1629909 159790 0.18875191304 F
1629909 162731 0.212874841104 F
1629909 163407 0.220013133976 F
1629909 178455 0.208847057702 F
1629909 183436 0.226152723066 F
1629909 186119 0.2028158436 F
1629909 186535 0.232666171929 F
1629909 188696 0.228658456253 F
1629909 190975 0.21990159828 F
1629909 194170 0.230858192531 F
1629909 207800 0.236347134002 F
1629909 209535 0.0769466003673 F
1629909 211354 0.218641289478 F
1629909 221897 0.19605079181 F
1629909 238290 0.209753013693 F
1629909 248469 0.0 F
1629909 251666 0.224152133125 F
1629909 257380 0.193981610477 F
1629909 260602 0.0 F
1629909 269293 0.213763774538 F
1629909 281022 0.235280317286 F
1629909 287004 0.221760929497 F
1629909 291694 0.0 F
1629909 292882 0.196528961196 F
1629909 300950 0.216343753027 F
1629909 301108 0.232998427331 F
1629909 303639 0.129705380224 F
1629909 324547 0.228401923281 F
1629909 333796 0.190131431663 F
1629909 333843 0.211288173622 F
1629909 350837 0.0 F
1629909 351581 0.226015506182 F
1629909 368913 0.00372175511151 F
1629909 372792 0.208259000447 F
1629909 387259 0.232539698241 F
1629909 390967 0.220693095526 F
1629909 398481 0.203557950433 F
1629909 416667 0.238460831158 F
1629909 428147 0.22848750849 F
1629909 428352 0.096730071689 F
1629909 430665 0.213715599419 F
1629909 435296 0.034457082354 F
1629909 436698 0.226163074584 F
1629909 442651 0.220860974909 F
1629909 442940 0.215308091971 F
1629909 444088 0.19714884743 F
1629909 451206 0.206788007383 F
1629909 457036 0.0855763185526 F
1629909 460709 0.225214914262 F
1629909 461345 0.214704943269 F
1629909 465923 0.228593302707 F
1629909 473275 0.237880461114 F
1629909 480637 0.225622105689 F
1629909 491133 0.220100006421 F
1629909 494788 0.220291874143 F
1629909 496212 0.221300399299 F
1629909 512925 0.219182255974 F
1629909 520308 0.227470754099 F
1629909 522003 0.1594574946 F
1629909 522215 0.189366479811 F
1629909 526160 0.185784501715 F
1629909 526784 0.216408108723 F
1629909 532235 0.222706360607 F
1629909 556421 0.23571459351 F
1629909 558375 0.201842929679 F
1629909 565897 0.215076608611 F
1629909 580432 0.0 F
1629909 581076 0.228033703564 F
1629909 606489 0.223015185905 F
1629909 607005 0.225587857078 F
1629909 612157 0.202528029307 F
1629909 614432 0.228478487486 F
1629909 615501 0.231020757334 F
1629909 616793 0.235613498284 F
1629909 618180 0.217475291773 F
1629909 635935 0.0 F
1629909 648807 0.221122334277 F
1629909 652657 0.203744030173 F
1629909 660215 0.20402205122 F
1629909 666439 0.23193939044 F
1629909 667218 0.231598419553 F
1629909 675208 0.22234192014 F
1629909 676862 0.214834274804 F
1629909 686316 0.218768697222 F
1629909 686660 0.226453678205 F
1629909 687768 0.235346841243 F
1629909 705791 0.208517822654 F
1629909 707971 0.0 F
1629909 708008 0.210489240991 F
1629909 709878 0.227602174313 F
1629909 713805 0.235815275335 F
1629909 723151 0.124995523433 F
1629909 729776 0.169401265601 F
1629909 767910 0.205080205973 F
1629909 768320 0.235036886836 F
1629909 782785 0.220392339533 F
1629909 783559 0.0 F
1629909 786726 0.242475559892 F
1629909 793610 0.218919848804 F
1629909 797314 0.0 F
1629909 798349 0.0 F
1629909 806324 0.22864021116 F
1629909 825037 0.216016956336 F
1629909 839141 0.223385239188 F
1629909 844281 0.210501188297 F
1629909 852978 0.222399575333 F
1629909 853681 0.23479453714 F
1629909 861435 0.0897241262981 F
1629909 870526 0.223158516838 F
1629909 883423 0.226180210307 F
1629909 883534 0.23450562216 F
1629909 884521 0.0894489145394 F
1629909 884888 0.22210885064 F
1629909 899054 0.225293668271 F
1629909 905287 0.221711118551 F
1629909 910261 0.223471048596 F
1629909 911544 0.219026627666 F
1629909 912000 0.212062256525 F
1629909 914692 0.0835606948393 F
1629909 917048 0.219488323899 F
1629909 920869 0.228876986487 F
1629909 924385 0.216951717029 F
1629909 927934 0.233493957874 F
1629909 931036 0.226707393921 F
1629909 931173 0.0 F
1629909 932087 0.203541005217 F
1629909 935070 0.23486043555 F
1629909 945286 0.206126841374 F
1629909 947720 0.23543066344 F
1629909 948662 0.224412502008 F
1629909 954199 0.231753120329 F
1629909 957329 0.229754557829 F
1629909 959444 0.219419235395 F
1629909 962117 0.195641030748 F
1629909 967424 0.0 F
1629909 967480 0.229718701231 F
1629909 977364 0.218921438623 F
1629909 991793 0.233663182214 F
1629909 1004637 0.199887200623 F
1629909 1011877 0.219507597998 F
1629909 1027606 0.223064698269 F
1629909 1030173 0.0 F
1629909 1031941 0.219211789987 F
1629909 1033640 0.0 F
1629909 1037610 0.22740892012 F
1629909 1039749 0.221499569073 F
1629909 1043139 0.228189902135 F
1629909 1047735 0.209078873795 F
1629909 1049295 0.0292548300866 F
1629909 1050733 0.0 F
1629909 1052796 0.22297691685 F
1629909 1056795 0.222243646989 F
1629909 1057592 0.0 F
1629909 1062480 0.224830896969 F
1629909 1074257 0.0 F
1629909 1079233 0.216998351519 F
1629909 1084135 0.215863546615 F
1629909 1086303 0.190011769947 F
1629909 1087971 0.22482249323 F
1629909 1102638 0.208426058529 F
1629909 1105535 0.204595694441 F
1629909 1108256 0.23165511087 F
1629909 1110227 0.235199850562 F
1629909 1112585 0.189644707163 F
1629909 1113868 0.232527266181 F
1629909 1122727 0.229159501154 F
1629909 1129540 0.192069260626 F
1629909 1144049 0.227269279244 F
1629909 1149454 0.228041758572 F
1629909 1155012 0.222093907676 F
1629909 1156391 0.223846941147 F
1629909 1160776 0.215884817295 F
1629909 1162298 0.245714505848 F
1629909 1165751 0.196023302042 F
1629909 1166661 0.216975765001 F
1629909 1174637 0.228400441285 F
1629909 1178894 0.219943175732 F
1629909 1185974 0.205080205973 F
1629909 1192200 0.20806804068 F
1629909 1201325 0.168139812131 F
1629909 1205341 0.234986859295 F
1629909 1207633 0.205116052988 F
1629909 1214917 0.223274893141 F
1629909 1222549 0.228616941623 F
1629909 1222911 0.233038505907 F
1629909 1223940 0.223470628056 F
1629909 1224472 0.0 F
1629909 1232441 0.224144068342 F
1629909 1236266 0.237616205679 F
1629909 1240805 0.216313368327 F
1629909 1242895 0.119427349793 F
1629909 1244785 0.191179102944 F
1629909 1247802 0.227814167319 F
1629909 1250856 0.213433998374 F
1629909 1252075 0.228710846991 F
1629909 1256064 0.232478076854 F
1629909 1256299 0.212987680029 F
1629909 1258789 0.217216609769 F
1629909 1263764 0.203532840901 F
1629909 1265949 0.0 F
1629909 1272825 0.234286703759 F
1629909 1278935 0.0 F
1629909 1279356 0.236605470587 F
1629909 1283927 0.220283825445 F
1629909 1292041 0.219489758801 F
1629909 1299535 0.207949169534 F
1629909 1300117 0.226103820688 F
1629909 1312629 0.22098473051 F
1629909 1325998 0.234401559527 F
1629909 1326359 0.0 F
1629909 1328577 0.215785040719 F
1629909 1329179 0.208492832532 F
1629909 1329845 0.22292408717 F
1629909 1366296 0.227503047285 F
1629909 1374197 0.0893118378357 F
1629909 1375651 0.219309350584 F
1629909 1376715 0.221471717785 F
1629909 1378289 0.213063417228 F
1629909 1381468 0.21820077062 F
1629909 1384645 0.182925084401 F
1629909 1406546 0.0 F
1629909 1407652 0.226478270611 F
1629909 1408956 0.202971189248 F
1629909 1412314 0.0 F
1629909 1429482 0.190248897037 F
1629909 1434831 0.124995523433 F
1629909 1437945 0.230662673129 F
1629909 1455393 0.231258832805 F
1629909 1456333 0.221237875185 F
1629909 1470396 0.172075906952 F
1629909 1472556 0.237736843054 F
1629909 1472690 0.207063721436 F
1629909 1478026 0.214805369923 F
1629909 1484511 0.187636461702 F
1629909 1485084 0.226166737182 F
1629909 1487182 0.23531969517 F
1629909 1489107 0.21882342895 F
1629909 1490408 0.214307658822 F
1629909 1492756 0.215886706978 F
1629909 1497869 0.0817015815598 F
1629909 1503705 0.231490554275 F
1629909 1525087 0.223560526871 F
1629909 1534556 0.242528963077 F
1629909 1545713 0.22951089445 F
1629909 1549677 0.218169602293 F
1629909 1559248 0.230770026205 F
1629909 1564466 0.230784316927 F
1629909 1576726 0.219604862604 F
1629909 1582467 0.212630871862 F
1629909 1590960 0.229251017896 F
1629909 1592391 0.207942035701 F
1629909 1602232 0.0 F
1629909 1608246 0.224431065162 F
1629909 1608761 0.229053794237 F
1629909 1617944 0.228798093001 F
1629909 1624257 0.0 F
1629909 1630925 0.229022275926 F
1629909 1632347 0.20739777414 F
1629909 1633756 0.231706794747 F
1629909 1634344 0.22350278667 F
1629909 1653958 0.0824858090784 F
1629909 1655868 0.211144424624 F
1629909 1657091 0.231501186191 F
1629909 1684820 0.0850668009273 F
1629909 1686253 0.227585263278 F
1629909 1686659 0.219334491038 F
1629909 1688821 0.235953732404 F
1629909 1697348 0.233669848365 F
1629909 1704820 0.239183587218 F
1629909 1713092 0.239211535202 F
1629909 1721798 0.18278018158 F
1629909 1728666 0.235564815078 F
1629909 1733699 0.217615966637 F
1629909 1742021 0.216808433816 F
1629909 1744296 0.226127779861 F
1629909 1755043 0.215111623439 F
1629909 1757957 0.225470315383 F
1629909 1764848 0.226116107278 F
1629909 1766426 0.207865017038 F
1629909 1778608 0.233286664506 F
1629909 1788355 0.218559268968 F
1629909 1788770 0.190926875339 F
1629909 1799543 0.227972370411 F
1629909 1800042 0.214822038602 F
1629909 1806758 0.222911991455 F
1629909 1807842 0.237658291882 F
1629909 1814783 0.0 F
1629909 1817198 0.0 F
1629909 1817466 0.203643299413 F
1629909 1823843 0.225802558706 F
1629909 1828965 0.215368100304 F
1629909 1829222 0.219407409439 F
1629909 1838922 0.227610113513 F
1629909 1839213 0.189291052554 F
1629909 1843289 0.213819438152 F
1629909 1843644 0.213128615528 F
1629909 1844920 0.228418563873 F
1629909 1845850 0.228500925003 F
1629909 1850546 0.0 F
1629909 1852024 0.228915200654 F
1629909 1859895 0.231578674785 F
1629909 1860455 0.231207121224 F
1629909 1864880 0.23426128782 F
1629909 1883016 0.0 F
1629909 1884448 0.0 F
1629909 1884885 0.211837124301 F
1629909 1885893 0.216251834135 F
1629909 1918991 0.218730657707 F
1629909 1922599 0.0 F
1629909 1925486 0.21186305874 F
1629909 1926472 0.223871286049 F
1629909 1930751 0.232746268507 F
1629909 1939399 0.227140309993 F
1629909 1942877 0.213954095701 F
1629909 1945863 0.227210823244 F
1629909 1946468 0.222954901446 F
1629909 1946636 0.2298230063 F
1629909 1946992 0.216492820104 F
1629909 1952669 0.239728372117 F
1629909 1952860 0.205309919199 F
1629909 1971641 0.21919709472 F
1629909 1976687 0.20996085975 F
1629909 1996829 0.235530196013 F
1629909 1997869 0.232475295447 F
1629909 2001411 0.222841911936 F
1629909 2009915 0.234164364637 F
1629909 2010381 0.22133358167 F
1629909 2019800 0.222930469539 F
1629909 2024274 0.233016839342 F
1629909 2026919 0.201913958107 F
1629909 2031726 0.236304653272 F
1629909 2033330 0.222342303519 F
1629909 2055707 0.215077904019 F
1629909 2060787 0.22506446599 F
1629909 2092691 0.230078300361 F
1629909 2118632 0.0 F
1629909 2118955 0.192733048822 F
1629909 2124919 0.0 F
1629909 2128336 0.229531889028 F
1629909 2132217 0.218296672423 F
1629909 2138704 0.0826749269195 F
1629909 2142302 0.081176906327 F
1629909 2144226 0.1956367691 F
1629909 2149207 0.233296733404 F
1629909 2151634 0.221604291307 F
1629909 2168129 0.228173079796 F
1629909 2169908 0.235101124952 F
1629909 2172925 0.22138732201 F
1629909 2173569 0.168768991033 F
1629909 2191616 0.233081784087 F
1629909 2195327 0.208719821544 F
1629909 2201116 0.234883912937 F
1629909 2205119 0.0901241614631 F
1629909 2205232 0.0794020832633 F
1629909 2205574 0.208776143441 F
1629909 2212352 0.23278939796 F
1629909 2215255 0.234248460317 F
1629909 2217341 0.228411940594 F
1629909 2219587 0.230634590124 F
1629909 2219977 0.223804995363 F
1629909 2220194 0.218536341617 F
1629909 2228789 0.22492830319 F
1629909 2229550 0.190209740702 F
1629909 2234249 0.220392339533 F
1629909 2242146 0.227630917294 F
2110474 2224563 0.196078431373 T
2110474 1823168 0.204081632653 F
1119666 298464 0.276747527686 T
1119666 764156 0.281455416632 T
1119666 777101 0.265440097072 T
1119666 1522013 0.320482320646 T
1119666 1594867 0.274616932164 T
1119666 1900669 0.241213009368 T
1119666 2062255 0.254643151936 T
1119666 784637 0.277501735328 F
1119666 1161722 0.22274105237 F
1119666 1222844 0.281765101216 F
1119666 1532430 0.324933009418 F
1119666 1758128 0.242323237441 F
422888 77872 0.211061319176 T
422888 173109 0.19782780699 T
422888 174713 0.215109016418 T
422888 175132 0.201270301574 T
422888 232544 0.200777357533 T
422888 267506 0.200951251326 T
422888 327093 0.230256786562 T
422888 398565 0.179086815417 T
422888 593314 0.216263708171 T
422888 607256 0.19638307909 T
422888 657143 0.218142887544 T
422888 671365 0.194608454124 T
422888 986267 0.0399237074772 T
422888 1024152 0.205972054239 T
422888 1064036 0.225583955082 T
422888 1101533 0.229576673427 T
422888 1120303 0.202787271037 T
422888 1183121 0.196914983009 T
422888 1480884 0.178655203472 T
422888 1495065 0.2161413347 T
422888 1521623 0.2090398478 T
422888 1535687 0.192353576209 T
422888 1637239 0.215783835124 T
422888 1721250 0.198282829164 T
422888 1807759 0.0 T
422888 1916134 0.201281310453 T
422888 1944449 0.197683561016 T
422888 1952801 0.198550043607 T
422888 1998877 0.184592759394 T
422888 2007063 0.192672543562 T
422888 2032244 0.194608454124 T
422888 2046513 0.198550043607 T
422888 2079870 0.191582555861 T
422888 2125751 0.212464773525 T
422888 2215380 0.201155838499 T
422888 1255 0.0506863577651 F
422888 65500 0.0 F
422888 75989 0.221596776121 F
422888 102315 0.185066649065 F
422888 111123 0.0 F
422888 137797 0.0 F
422888 139006 0.0 F
422888 152924 0.0 F
422888 181407 0.0 F
422888 203217 0.0 F
422888 247437 0.189560000497 F
422888 253954 0.0 F
422888 263976 0.199843947896 F
422888 316378 0.174741169774 F
422888 332028 0.21090671207 F
422888 381624 0.195623579771 F
422888 410834 0.201622646119 F
422888 420345 0.199731599691 F
422888 425350 0.0 F
422888 425714 0.188094575566 F
422888 429946 0.0 F
422888 497001 0.215999160066 F
422888 544442 0.213292262104 F
422888 559210 0.189814994012 F
422888 559361 0.0 F
422888 675093 0.20748676711 F
422888 693220 0.0 F
422888 726714 0.206404042632 F
422888 727276 0.187224364209 F
422888 836731 0.0553466008984 F
422888 839930 0.192775479584 F
422888 849776 0.204865525772 F
422888 855998 0.0 F
422888 875934 0.207002688173 F
422888 926657 0.203915528865 F
422888 927966 0.199248208966 F
422888 931280 0.203639748745 F
422888 969924 0.0 F
422888 986267 0.0399237074772 F
422888 1033418 0.205854246743 F
422888 1047601 0.18550944329 F
422888 1077090 0.0 F
422888 1086219 0.203288026483 F
422888 1109570 0.0 F
422888 1153100 0.198907029278 F
422888 1197275 0.194393333961 F
422888 1240842 0.18709818043 F
422888 1259606 0.199872351777 F
422888 1296391 0.189415548041 F
422888 1323835 0.188552168278 F
422888 1361022 0.207601215281 F
422888 1379468 0.203639748745 F
422888 1380237 0.198667130195 F
422888 1397815 0.0 F
422888 1450994 0.200560344157 F
422888 1456396 0.0 F
422888 1503858 0.205071766607 F
422888 1517350 0.184381549863 F
422888 1521623 0.2090398478 F
422888 1526780 0.186678953236 F
422888 1585463 0.146024262615 F
422888 1629575 0.0 F
422888 1683415 0.211773290179 F
422888 1703999 0.0 F
422888 1722388 0.195008319614 F
422888 1761947 0.0 F
422888 1775320 0.226846078236 F
422888 1785532 0.172436892989 F
422888 1809197 0.198427456338 F
422888 1889202 0.0849570054066 F
422888 1915877 0.193359766585 F
422888 1933884 0.193948737329 F
422888 1984805 0.216723237501 F
422888 2061370 0.21825910863 F
422888 2094170 0.216112190572 F
422888 2099226 0.189993049305 F
422888 2104881 0.192553025094 F
422888 2113731 0.216339320224 F
422888 2127570 0.209588967032 F
422888 2151704 0.216454611434 F
422888 2180636 0.176741523471 F
422888 2236628 0.188391538547 F
422888 2250213 0.192910607229 F
884061 58766 0.243200975941 T
884061 171115 0.261824239687 T
884061 199692 0.238301513516 T
884061 242585 0.260551224323 T
884061 274078 0.271167347302 T
884061 341645 0.25233438141 T
884061 408696 0.243789020491 T
884061 649719 0.263650702104 T
884061 729815 0.269370266662 T
884061 833819 0.271045607853 T
884061 952110 0.250566846948 T
884061 972688 0.274726553699 T
884061 988206 0.261872516092 T
884061 1012356 0.247231632245 T
884061 1159019 0.246725816166 T
884061 1185273 0.267068668329 T
884061 1187030 0.248071181231 T
884061 1444213 0.259689416007 T
884061 1585755 0.269697503416 T
884061 1592075 0.266656338293 T
884061 1598144 0.285653942645 T
884061 1645140 0.263065704141 T
884061 1683562 0.260592236788 T
884061 1798962 0.247308023215 T
884061 1799499 0.252419207481 T
884061 1813615 0.248108145477 T
884061 1981464 0.225576693769 T
884061 2005789 0.251562029381 T
884061 2151923 0.263971063747 T
884061 4135 0.243762479573 F
884061 24865 0.257400289599 F
884061 30243 0.243317458832 F
884061 42649 0.260819302023 F
884061 62532 0.231850684856 F
884061 65989 0.252939162088 F
884061 69380 0.147555764967 F
884061 84232 0.262385426996 F
884061 84812 0.141360177996 F
884061 88973 0.241449669106 F
884061 114723 0.238802508024 F
884061 117887 0.272408022758 F
884061 130203 0.0 F
884061 148211 0.226807301682 F
884061 158778 0.26162254907 F
884061 161514 0.21839300043 F
884061 176316 0.250541589683 F
884061 178230 0.267103988533 F
884061 185221 0.250667480493 F
884061 186737 0.254309282359 F
884061 190515 0.0 F
884061 211053 0.102723297096 F
884061 216911 0.237844679094 F
884061 231114 0.261271211902 F
884061 234027 0.256767493263 F
884061 236062 0.273369305271 F
884061 242683 0.264058118309 F
884061 246741 0.191258807039 F
884061 247902 0.251176943236 F
884061 260624 0.264147127146 F
884061 267434 0.246649555206 F
884061 277145 0.248935137478 F
884061 282736 0.24505576265 F
884061 297215 0.2383766849 F
884061 299476 0.263491712066 F
884061 315380 0.258076388783 F
884061 333200 0.27221539012 F
884061 342138 0.274227773783 F
884061 344736 0.257960243392 F
884061 349847 0.250124925389 F
884061 359100 0.254664137974 F
884061 359505 0.248375583709 F
884061 361822 0.256543843979 F
884061 379813 0.257428218582 F
884061 397910 0.245175640598 F
884061 422298 0.236861417653 F
884061 426381 0.263819018557 F
884061 447129 0.266285414413 F
884061 457719 0.233892392186 F
884061 465548 0.257047839116 F
884061 477143 0.266266034237 F
884061 503032 0.259554086028 F
884061 505526 0.206229504576 F
884061 519199 0.216909263668 F
884061 521234 0.253837065505 F
884061 547392 0.268189280833 F
884061 584140 0.264560288772 F
884061 599159 0.237778275051 F
884061 599900 0.265102597911 F
884061 629870 0.252308761467 F
884061 637781 0.238396614588 F
884061 655437 0.0936608653353 F
884061 658420 0.21839300043 F
884061 665640 0.251374448259 F
884061 673821 0.259965517087 F
884061 683205 0.248178151562 F
884061 690046 0.252773085667 F
884061 691442 0.246886313153 F
884061 694885 0.238092402204 F
884061 695221 0.253735597569 F
884061 698925 0.263963798798 F
884061 741616 0.258586116404 F
884061 744459 0.256567316281 F
884061 748112 0.251421231575 F
884061 771141 0.244267284884 F
884061 798481 0.251197169668 F
884061 835017 0.259849633028 F
884061 836808 0.244452558224 F
884061 843533 0.253827482674 F
884061 852944 0.0818830075564 F
884061 860687 0.2506476969 F
884061 861033 0.255294500145 F
884061 862284 0.0 F
884061 863909 0.224671956295 F
884061 871889 0.228495615823 F
884061 888206 0.240214375493 F
884061 900414 0.231444475452 F
884061 937202 0.23666371166 F
884061 940288 0.244373197602 F
884061 941086 0.253585659556 F
884061 946814 0.260386377326 F
884061 950180 0.240070872512 F
884061 955518 0.251819403071 F
884061 958571 0.262980258653 F
884061 959685 0.253889308094 F
884061 967503 0.227717749854 F
884061 978292 0.255506740924 F
884061 1002724 0.246694255322 F
884061 1004535 0.252707473831 F
884061 1018626 0.224658652095 F
884061 1018782 0.246454674983 F
884061 1022287 0.234923406121 F
884061 1034068 0.26297910689 F
884061 1054761 0.242173782674 F
884061 1059584 0.265175152795 F
884061 1064996 0.267299352611 F
884061 1073323 0.246257577017 F
884061 1081266 0.231362837818 F
884061 1086689 0.256869037191 F
884061 1101334 0.268418700939 F
884061 1103859 0.257551709968 F
884061 1109926 0.261905997867 F
884061 1116215 0.253027094638 F
884061 1122393 0.253893083557 F
884061 1130347 0.281507554156 F
884061 1132585 0.264935000623 F
884061 1134643 0.0932827669485 F
884061 1140253 0.259203038626 F
884061 1148898 0.250512694218 F
884061 1154045 0.255510291993 F
884061 1158436 0.0 F
884061 1163462 0.191576073076 F
884061 1163578 0.251867604052 F
884061 1180986 0.269690300523 F
884061 1190897 0.247348636673 F
884061 1211494 0.256117017291 F
884061 1212568 0.260520602629 F
884061 1212901 0.274768433022 F
884061 1219331 0.0958390988911 F
884061 1232234 0.23750290748 F
884061 1240552 0.237171880383 F
884061 1250551 0.269377865749 F
884061 1251105 0.237390327266 F
884061 1255579 0.233710742532 F
884061 1261526 0.257216586303 F
884061 1269946 0.23537150291 F
884061 1277771 0.261678674961 F
884061 1289239 0.254760300582 F
884061 1293780 0.251684463623 F
884061 1298852 0.269694886198 F
884061 1304092 0.25604283696 F
884061 1317075 0.226861307124 F
884061 1321936 0.26745833317 F
884061 1328119 0.258430112869 F
884061 1336657 0.261881679911 F
884061 1342652 0.253200661203 F
884061 1357517 0.249355483837 F
884061 1357916 0.132110983775 F
884061 1370976 0.251392111131 F
884061 1376480 0.242128150444 F
884061 1390969 0.228255849648 F
884061 1397724 0.264297089659 F
884061 1398030 0.242701441573 F
884061 1407314 0.256758282128 F
884061 1409631 0.269217604504 F
884061 1414830 0.255379017744 F
884061 1427139 0.277147992201 F
884061 1435212 0.240171178851 F
884061 1467088 0.207793271887 F
884061 1478175 0.238179025002 F
884061 1487679 0.248183558613 F
884061 1489974 0.242283963661 F
884061 1491957 0.254592561526 F
884061 1503410 0.26399864453 F
884061 1510002 0.254533578871 F
884061 1515252 0.257474806755 F
884061 1518990 0.265027304914 F
884061 1522237 0.230421432384 F
884061 1549328 0.139889595463 F
884061 1549666 0.236861417653 F
884061 1573784 0.259824621018 F
884061 1581939 0.265706366826 F
884061 1585469 0.266376482357 F
884061 1591912 0.242531971586 F
884061 1593146 0.242115308157 F
884061 1625098 0.254195175669 F
884061 1629401 0.256947717214 F
884061 1632441 0.270096918023 F
884061 1643330 0.24952265202 F
884061 1643915 0.25496475274 F
884061 1651388 0.261734443849 F
884061 1651625 0.235704291817 F
884061 1654492 0.240646446246 F
884061 1657612 0.243057141068 F
884061 1700452 0.250544977875 F
884061 1700846 0.185690455905 F
884061 1704656 0.262535583831 F
884061 1705918 0.227542096899 F
884061 1717707 0.243095261785 F
884061 1719915 0.250880977553 F
884061 1737243 0.216109812699 F
884061 1805272 0.25459095212 F
884061 1812199 0.230688182935 F
884061 1816717 0.272259870212 F
884061 1817346 0.231369247219 F
884061 1837833 0.261657829767 F
884061 1845894 0.243317458832 F
884061 1892830 0.256520797181 F
884061 1900345 0.260640087254 F
884061 1908846 0.260673730958 F
884061 1915393 0.242633100048 F
884061 1921598 0.24511945548 F
884061 1934976 0.259117911089 F
884061 1938864 0.245268885329 F
884061 1960715 0.232855657308 F
884061 1962384 0.270680345536 F
884061 1965138 0.264701635125 F
884061 1967007 0.262270725375 F
884061 2002377 0.240815048114 F
884061 2005734 0.233637626637 F
884061 2009545 0.254244099524 F
884061 2009832 0.252301647616 F
884061 2009964 0.25362280659 F
884061 2033212 0.255560049735 F
884061 2036915 0.254436395761 F
884061 2047029 0.22049296882 F
884061 2048930 0.254297558109 F
884061 2061179 0.27221539012 F
884061 2078341 0.255918942788 F
884061 2084034 0.222445794431 F
884061 2086600 0.236141432746 F
884061 2109129 0.263694746899 F
884061 2113566 0.264608518858 F
884061 2129908 0.242525371584 F
884061 2133838 0.255716413362 F
884061 2146946 0.25269450889 F
884061 2152195 0.233533216779 F
884061 2168054 0.26293353477 F
884061 2178678 0.237354845324 F
884061 2180984 0.252627913921 F
884061 2189115 0.22116243705 F
884061 2193586 0.247234146497 F
884061 2204080 0.24949577535 F
884061 2222716 0.0 F
884061 2240807 0.259754712191 F
884061 2246745 0.256584080547 F
154898 187454 0.229454572739 T
154898 354215 0.235894800075 T
154898 457125 0.224550603652 T
154898 549783 0.240729405108 T
154898 688288 0.211698087323 T
154898 1471429 0.227211841279 T
154898 2243280 0.0 T
154898 628053 0.225235061723 F
154898 668997 0.203646204851 F
154898 1444350 0.172607602628 F
154898 2053071 0.237939210966 F
1366427 227858 0.2499288534 T
1366427 262306 0.241655350952 T
1366427 299163 0.211345178147 T
1366427 306671 0.267633883232 T
1366427 317849 0.256397795625 T
1366427 369750 0.246133724332 T
1366427 397300 0.0 T
1366427 526545 0.242904724632 T
1366427 534994 0.254513736545 T
1366427 612943 0.244315132911 T
1366427 625594 0.280451555018 T
1366427 661918 0.256587525593 T
1366427 667552 0.246411339919 T
1366427 704821 0.250044645546 T
1366427 732347 0.26311825564 T
1366427 754764 0.246325527 T
1366427 824679 0.254556184997 T
1366427 846514 0.24705300988 T
1366427 856736 0.263734386118 T
1366427 874604 0.282691930718 T
1366427 961533 0.266996500379 T
1366427 995230 0.129436441974 T
1366427 1000126 0.245720510506 T
1366427 1007621 0.253016097171 T
1366427 1013680 0.262736388891 T
1366427 1068131 0.252813711065 T
1366427 1094071 0.0 T
1366427 1124373 0.242086151761 T
1366427 1140250 0.231963645433 T
1366427 1167348 0.237567445769 T
1366427 1198067 0.25945656527 T
1366427 1203840 0.254374327827 T
1366427 1206602 0.237958904086 T
1366427 1220267 0.258164889766 T
1366427 1278273 0.245825430687 T
1366427 1329723 0.212995343738 T
1366427 1410688 0.258446076509 T
1366427 1431246 0.129436441974 T
1366427 1435134 0.23491986177 T
1366427 1537265 0.22814032971 T
1366427 1572952 0.255438869969 T
1366427 1594711 0.276609209567 T
1366427 1665835 0.257916123369 T
1366427 1675888 0.266175408992 T
1366427 1681545 0.259057416389 T
1366427 1699391 0.238129228221 T
1366427 1734916 0.229793000836 T
1366427 1863692 0.234969708964 T
1366427 1883993 0.256767285022 T
1366427 1964392 0.249163799519 T
1366427 1978124 0.128236460051 T
1366427 2058909 0.0723737514463 T
1366427 2169664 0.244772499988 T
1366427 2254291 0.238788386041 T
1366427 72627 0.252995754502 F
1366427 311846 0.265875691677 F
1366427 1631968 0.246574323407 F
1366427 1677331 0.265875691677 F
1366427 1795049 0.246574323407 F
1366427 1871231 0.266320572667 F
1366427 1884407 0.241075841634 F
1366427 1984028 0.245451715303 F
1366427 2030944 0.239289351328 F
26572 28517 0.23392886107 T
26572 98357 0.241191856581 T
26572 245393 0.237717226406 T
26572 264941 0.24796215348 T
26572 265234 0.0 T
26572 419135 0.209205939788 T
26572 455975 0.253326254329 T
26572 488200 0.223585976146 T
26572 497994 0.244366831816 T
26572 508047 0.214438594819 T
26572 567854 0.0830751607369 T
26572 570405 0.210104948009 T
26572 590584 0.243326372551 T
26572 787532 0.0 T
26572 820824 0.220055217871 T
26572 959717 0.208784350436 T
26572 974191 0.210733716552 T
26572 977589 0.217035400714 T
26572 996441 0.0875944102148 T
26572 1067066 0.219908544033 T
26572 1069807 0.221065602524 T
26572 1141854 0.0889087726473 T
26572 1161603 0.223196644443 T
26572 1260375 0.218851949546 T
26572 1268752 0.0 T
26572 1290714 0.0 T
26572 1330283 0.0 T
26572 1432970 0.225993406658 T
26572 1442611 0.232932139216 T
26572 1447855 0.214702594368 T
26572 1450252 0.239837148499 T
26572 1476686 0.222865140461 T
26572 1544849 0.220889034086 T
26572 1659077 0.08363830546 T
26572 1688116 0.204091774605 T
26572 1690088 0.20286486066 T
26572 1756697 0.203141248809 T
26572 1779638 0.219184149193 T
26572 1808761 0.254934515907 T
26572 1858920 0.208075972244 T
26572 1897781 0.228507955265 T
26572 1910072 0.0 T
26572 1941760 0.250048294648 T
26572 1969129 0.213775833361 T
26572 1988720 0.180534838067 T
26572 2041622 0.250046046264 T
26572 2056665 0.231364861027 T
26572 2212785 0.243407068711 T
26572 289615 0.0 F
26572 375729 0.216888870001 F
26572 382912 0.0852443652325 F
26572 515840 0.0914879807223 F
26572 670029 0.209605471687 F
26572 746465 0.197274661735 F
26572 1133308 0.0 F
26572 1163020 0.207487431166 F
26572 1169277 0.214928871994 F
26572 1456725 0.21257252614 F
26572 1658588 0.219773799524 F
26572 1669296 0.129937881914 F
26572 2040063 0.0 F
26572 2179852 0.191353940819 F
26572 2241304 0.222923815406 F
1197225 1081795 0.208575673341 T
1197225 1583545 0.209410751318 T
1197225 1871354 0.218821381776 T
1197225 1738 0.212062469268 F
1197225 51331 0.209341144715 F
1197225 152391 0.224790357242 F
1197225 233255 0.210434011594 F
1197225 273057 0.208865110976 F
1197225 281951 0.204351130881 F
1197225 531478 0.0 F
1197225 570287 0.228627019477 F
1197225 637805 0.196661852454 F
1197225 671171 0.184471596045 F
1197225 823984 0.183819292944 F
1197225 879870 0.202559633159 F
1197225 1011174 0.0833332835237 F
1197225 1150229 0.198135312888 F
1197225 1165271 0.174559223121 F
1197225 1261230 0.19888034979 F
1197225 1379428 0.226974276214 F
1197225 1415976 0.0 F
1197225 1429577 0.0 F
1197225 1435470 0.214112580067 F
1197225 1436012 0.0 F
1197225 1540311 0.202194020899 F
1197225 1547483 0.159430929371 F
1197225 1769303 0.214735695155 F
1197225 1801682 0.20490024279 F
1197225 1812678 0.207851009457 F
1197225 1832863 0.209168574786 F
1197225 1844337 0.0789050462531 F
1197225 1853785 0.205132073135 F
1197225 1860141 0.0 F
1197225 1987520 0.228779994219 F
1197225 1987565 0.197318207777 F
1197225 2003610 0.0 F
1197225 2028864 0.208747886817 F
1197225 2126099 0.215198008911 F
1197225 2246859 0.0 F
2176207 35602 0.0 T
2176207 61198 0.0 T
2176207 132442 0.152505409217 T
2176207 177663 0.0 T
2176207 297830 0.165091692682 T
2176207 367731 0.0 T
2176207 386764 0.153912974798 T
2176207 422049 0.0 T
2176207 525528 0.141107934601 T
2176207 611221 0.162759043449 T
2176207 614748 0.0 T
2176207 646936 0.0 T
2176207 731786 0.0 T
2176207 739125 0.159287707047 T
2176207 765521 0.153276825107 T
2176207 791406 0.0574324878755 T
2176207 795830 0.164907280169 T
2176207 798763 0.167704010771 T
2176207 810155 0.167704010771 T
2176207 950591 0.0 T
2176207 955532 0.0495188006282 T
2176207 967117 0.0 T
2176207 991664 0.0 T
2176207 1089639 0.162640005171 T
2176207 1135266 0.172241011422 T
2176207 1210533 0.142492665358 T
2176207 1229607 0.0 T
2176207 1243965 0.0 T
2176207 1291370 0.141212961466 T
2176207 1299604 0.14345841794 T
2176207 1318068 0.157135299207 T
2176207 1520543 0.182975138857 T
2176207 1525931 0.158385357705 T
2176207 1670393 0.178261271541 T
2176207 1696807 0.160214569847 T
2176207 1860952 0.0 T
2176207 1913423 0.138647449864 T
2176207 1915299 0.0 T
2176207 1973781 0.125410579089 T
2176207 2058438 0.0 T
2176207 26721 0.130949675708 F
2176207 168733 0.0 F
2176207 1055744 0.171695127245 F
2176207 1251372 0.164357922986 F
2176207 1477252 0.162171351506 F
2176207 1943872 0.0 F
2176207 2067806 0.151331665443 F
2176207 2170148 0.0529169946779 F
650925 728301 0.293440008209 T
650925 950710 0.235053180517 T
650925 221345 0.215887083096 F
650925 324724 0.293440008209 F
650925 408674 0.250796022386 F
650925 521323 0.237824182496 F
650925 571782 0.219706947287 F
650925 609954 0.238255614464 F
650925 661997 0.229907021007 F
650925 788076 0.218041486336 F
650925 793136 0.249971637242 F
650925 1060100 0.230954151817 F
650925 1086765 0.202889825776 F
650925 1135430 0.203081839969 F
650925 1164894 0.215054373305 F
650925 1224342 0.233979246667 F
650925 1295839 0.227565483614 F
650925 1312431 0.0 F
650925 1334246 0.22242492128 F
650925 1495473 0.239701490053 F
650925 2033668 0.244297938142 F
650925 2231044 0.235182133218 F
783213 1290073 0.319672131148 T
783213 100902 0.309523809524 F
2008623 17189 0.351467039645 T
2008623 368829 0.304384940795 T
2008623 377894 0.329752120685 T
2008623 592562 0.343736450289 T
2008623 868938 0.356873721897 T
2008623 912272 0.257817916038 T
2008623 959882 0.338443564061 T
2008623 1075587 0.366049964475 T
2008623 1109313 0.385059267263 T
2008623 1139806 0.364287222982 T
2008623 1155793 0.383797264806 T
2008623 1197031 0.334956309226 T
2008623 1221478 0.336636470419 T
2008623 1232424 0.24981836673 T
2008623 1251792 0.281410910935 T
2008623 1456531 0.261445690432 T
2008623 1690164 0.281178708075 T
2008623 1778224 0.282943192043 T
2008623 1812314 0.370304685823 T
2008623 1856701 0.29584789006 T
2008623 1978271 0.299980330815 T
2008623 1161289 0.249079855338 F
957475 22564 0.0 T
957475 345682 0.222591193728 T
957475 405243 0.23800092384 T
957475 1049122 0.232848515605 T
957475 1230708 0.224599283823 T
957475 1374909 0.245014423868 T
957475 1531942 0.215812757727 T
957475 1547512 0.218099981312 T
957475 1552706 0.0 T
957475 1900270 0.227321403411 T
957475 80060 0.200053772608 F
957475 184037 0.217306152145 F
957475 950717 0.217481419328 F
957475 950717 0.217481419328 F
957475 1297351 0.186082753999 F
957475 1463095 0.211957797202 F
957475 1633176 0.182717417242 F
957475 1707211 0.207767903006 F
957475 1718460 0.214836129753 F
957475 1744292 0.195880084086 F
957475 2245700 0.24715516594 F
110950 245833 0.235727230043 T
110950 596679 0.178536862578 T
110950 734725 0.228703477606 T
110950 908757 0.218322171383 T
110950 1343064 0.225804290704 T
110950 20101 0.210032271453 F
110950 230998 0.214966567269 F
110950 392084 0.201135446505 F
110950 540119 0.212668922664 F
110950 613919 0.232305469647 F
110950 699924 0.231408529207 F
110950 812997 0.0 F
110950 974569 0.218428297931 F
110950 1125194 0.176731002255 F
110950 1166219 0.225091456349 F
110950 1168958 0.228026756444 F
110950 1221874 0.239752364113 F
110950 1258655 0.235234242714 F
110950 1357183 0.20873315216 F
110950 1470993 0.182139124536 F
110950 1598530 0.241652691653 F
110950 1659100 0.217826688237 F
110950 1841746 0.239751321167 F
110950 1950668 0.241652691653 F
110950 2036313 0.0 F
110950 2144245 0.247282654976 F
110950 2237669 0.22780730646 F
1540349 5296 0.250448943042 T
1540349 5466 0.241646051341 T
1540349 10153 0.264811377679 T
1540349 28673 0.241117315967 T
1540349 42301 0.257880179159 T
1540349 42916 0.258466779575 T
1540349 45316 0.196519715387 T
1540349 47297 0.248857147757 T
1540349 53094 0.246674951578 T
1540349 65455 0.213565237228 T
1540349 66121 0.256355107288 T
1540349 67029 0.256825089949 T
1540349 67207 0.192356983049 T
1540349 67956 0.252054225643 T
1540349 74431 0.242616694071 T
1540349 75615 0.253751529754 T
1540349 79050 0.268144672906 T
1540349 85179 0.0730099555673 T
1540349 86071 0.265407714647 T
1540349 95791 0.249042836653 T
1540349 96062 0.187901809644 T
1540349 101430 0.224057121375 T
1540349 112716 0.252558354388 T
1540349 114239 0.266904324802 T
1540349 116775 0.238683668026 T
1540349 119936 0.242295853588 T
1540349 122656 0.132813918383 T
1540349 129249 0.247939515353 T
1540349 133666 0.238172298071 T
1540349 134796 0.261492994421 T
1540349 135119 0.242620150086 T
1540349 136539 0.256820324084 T
1540349 138536 0.243485612531 T
1540349 138770 0.0984862058776 T
1540349 143255 0.252147280278 T
1540349 145174 0.243260625447 T
1540349 145987 0.239917881919 T
1540349 156332 0.244693982341 T
1540349 159547 0.237748716003 T
1540349 161258 0.2208005859 T
1540349 164329 0.245157082938 T
1540349 169927 0.236451233066 T
1540349 176834 0.248447018005 T
1540349 188453 0.242828040422 T
1540349 197197 0.0990711329904 T
1540349 198582 0.259641212679 T
1540349 207966 0.235604700034 T
1540349 208104 0.243951770137 T
1540349 219324 0.249991566177 T
1540349 224013 0.24093962496 T
1540349 225638 0.23217304333 T
1540349 226636 0.250454399601 T
1540349 235528 0.220376295319 T
1540349 239774 0.232565211057 T
1540349 240659 0.239139691946 T
1540349 242230 0.254310471033 T
1540349 245512 0.210239362711 T
1540349 245512 0.210239362711 T
1540349 249503 0.260896796343 T
1540349 250981 0.250463755556 T
1540349 251583 0.24427641927 T
1540349 255318 0.265694711738 T
1540349 255839 0.228203695893 T
1540349 264308 0.250886229453 T
1540349 272928 0.25529948847 T
1540349 273587 0.273217373782 T
1540349 274266 0.261814815096 T
1540349 280203 0.205537495966 T
1540349 284229 0.247768322533 T
1540349 285146 0.250549553976 T
1540349 287209 0.0944001743469 T
1540349 292897 0.198703666126 T
1540349 297187 0.240612258788 T
1540349 297258 0.245253669932 T
1540349 299331 0.231516791393 T
1540349 299912 0.262023533849 T
1540349 301337 0.230461346944 T
1540349 301715 0.138544067083 T
1540349 307473 0.213947788156 T
1540349 318390 0.256368813871 T
1540349 318542 0.22072886808 T
1540349 324575 0.255067678909 T
1540349 324798 0.255797577793 T
1540349 325279 0.241696014674 T
1540349 330605 0.23211271007 T
1540349 332482 0.257073857132 T
1540349 333073 0.277102143232 T
1540349 335798 0.263070762718 T
1540349 338084 0.213743753213 T
1540349 343349 0.0963014074684 T
1540349 345872 0.246794218993 T
1540349 351056 0.249111701296 T
1540349 354053 0.260114381162 T
1540349 354998 0.247342320838 T
1540349 358875 0.261096600421 T
1540349 360903 0.244927098262 T
1540349 362479 0.234816922254 T
1540349 364288 0.260770309365 T
1540349 367200 0.250156442303 T
1540349 367593 0.268155296462 T
1540349 369805 0.22819797726 T
1540349 370205 0.26631086405 T
1540349 376396 0.247340995687 T
1540349 377807 0.0 T
1540349 383157 0.106188045399 T
1540349 385324 0.26655751515 T
1540349 389874 0.227339142037 T
1540349 395145 0.253675241509 T
1540349 398235 0.275833253625 T
1540349 411546 0.180518811858 T
1540349 413138 0.247613187766 T
1540349 422781 0.261376117226 T
1540349 426735 0.264230748894 T
1540349 434102 0.161541745527 T
1540349 434949 0.252766168054 T
1540349 440530 0.252876233004 T
1540349 441581 0.187284386298 T
1540349 444484 0.0967912706789 T
1540349 444714 0.252086296917 T
1540349 446619 0.2614951512 T
1540349 457829 0.257891763316 T
1540349 458189 0.0961813879355 T
1540349 459059 0.283712165581 T
1540349 466952 0.204936962337 T
1540349 467163 0.266160783039 T
1540349 467728 0.245640158419 T
1540349 471490 0.187998857497 T
1540349 478869 0.262826189292 T
1540349 483057 0.247334563728 T
1540349 483582 0.162274166812 T
1540349 490992 0.282255782543 T
1540349 492532 0.235710006351 T
1540349 498168 0.2646640728 T
1540349 499078 0.276451658007 T
1540349 501217 0.263982177728 T
1540349 502177 0.246938949272 T
1540349 502626 0.233636728469 T
1540349 506248 0.260182708734 T
1540349 512469 0.242963755341 T
1540349 515387 0.23463748227 T
1540349 516236 0.236941253286 T
1540349 522896 0.0906134043343 T
1540349 530860 0.27738871151 T
1540349 536207 0.23790467622 T
1540349 536845 0.199208328025 T
1540349 538511 0.255469045332 T
1540349 546319 0.241469443109 T
1540349 550124 0.249618141997 T
1540349 557416 0.259192225442 T
1540349 562136 0.246973667738 T
1540349 564121 0.17578156538 T
1540349 567527 0.240036360452 T
1540349 572970 0.24636234598 T
1540349 573637 0.23906092724 T
1540349 577286 0.246817223287 T
1540349 577391 0.23605204322 T
1540349 578673 0.226963611259 T
1540349 587019 0.255293687721 T
1540349 590744 0.25525537709 T
1540349 592427 0.250967983096 T
1540349 598083 0.253583964844 T
1540349 610387 0.252619001002 T
1540349 610396 0.234588177361 T
1540349 616038 0.213134653657 T
1540349 619726 0.217583553404 T
1540349 619786 0.229333029436 T
1540349 622025 0.234739141276 T
1540349 624048 0.221694851957 T
1540349 628248 0.265757081331 T
1540349 633344 0.245366426786 T
1540349 639419 0.237180527638 T
1540349 641354 0.231355385305 T
1540349 644410 0.255264321176 T
1540349 644847 0.252353375845 T
1540349 654796 0.261782386038 T
1540349 654908 0.276997963499 T
1540349 657085 0.239440047861 T
1540349 666482 0.255553834433 T
1540349 685743 0.246600993221 T
1540349 688883 0.0996834828602 T
1540349 689606 0.231421544338 T
1540349 692252 0.26350431984 T
1540349 695156 0.265999060529 T
1540349 699218 0.256833437746 T
1540349 699731 0.242211394033 T
1540349 703484 0.237977825701 T
1540349 709567 0.231890314934 T
1540349 710594 0.257038451811 T
1540349 710873 0.103660807991 T
1540349 711270 0.215195045247 T
1540349 712502 0.26401347878 T
1540349 719204 0.190431406581 T
1540349 726029 0.216625712359 T
1540349 726197 0.251801575185 T
1540349 726817 0.135530877636 T
1540349 730543 0.240181526284 T
1540349 730861 0.249037259774 T
1540349 732501 0.258477695568 T
1540349 735492 0.244761320114 T
1540349 737272 0.274233444367 T
1540349 741745 0.264187558457 T
1540349 751230 0.22401665249 T
1540349 751698 0.23902935247 T
1540349 756638 0.238848668045 T
1540349 757124 0.271483850013 T
1540349 757226 0.100518184591 T
1540349 764918 0.155283651742 T
1540349 765300 0.254672323565 T
1540349 765534 0.0894042390262 T
1540349 773340 0.259556647766 T
1540349 774305 0.226848503804 T
1540349 775274 0.25386664082 T
1540349 781257 0.25102801965 T
1540349 782601 0.255984188726 T
1540349 783343 0.25190392714 T
1540349 784280 0.2485936421 T
1540349 784280 0.2485936421 T
1540349 790353 0.217312116403 T
1540349 802893 0.233672332909 T
1540349 805006 0.247890179376 T
1540349 805792 0.252259451013 T
1540349 806493 0.260589224077 T
1540349 810553 0.23287245224 T
1540349 814757 0.244207723309 T
1540349 815334 0.241134895092 T
1540349 815572 0.256387263518 T
1540349 817413 0.270524243219 T
1540349 817967 0.205748192085 T
1540349 823471 0.225440560564 T
1540349 824804 0.253790567509 T
1540349 825320 0.241997515211 T
1540349 826393 0.237246892598 T
1540349 833265 0.269274640879 T
1540349 834084 0.252511043114 T
Traceback (most recent call last):
  File "titles.py", line 54, in <module>
    if pid2 != pid and title.has_key(pid2)]
  File "titles.py", line 8, in title_align_score
    alignment = align.globalxx(t1, t2)
  File "/usr/lib64/python2.7/site-packages/Bio/pairwise2.py", line 247, in __call__
    return _align(**keywds)
  File "/usr/lib64/python2.7/site-packages/Bio/pairwise2.py", line 305, in _align
    align_globally, penalize_end_gaps, gap_char, one_alignment_only)
  File "/usr/lib64/python2.7/site-packages/Bio/pairwise2.py", line 600, in _recover_alignments
    return _clean_alignments(tracebacks)
  File "/usr/lib64/python2.7/site-packages/Bio/pairwise2.py", line 657, in _clean_alignments
    while i < len(unique_alignments):
KeyboardInterrupt
